accelerometer,timeInSeconds,distance,isCar,isOnCall,score
0.5 , 0.01186111111111111 , 0.004497522141191108 , 0 , 1 , 34.623157649934676
0.5 , 0.013916666666666667 , 0.0031092497856588775 , 1 , 0 , 53.38371206646533
0.2 , 0.3216111111111111 , 0.2700806172850541 , 0 , 0 , 62.6491487378142
1.0 , 0.009305555555555555 , 0.007904122636459504 , 1 , 1 , 20.019258842638486
0.3 , 0.03319444444444444 , 0.012008192697811568 , 1 , 0 , 62.56998212096391
0.8 , 0.285 , 0.24805334809647178 , 1 , 1 , 23.874852598714163
0.9 , 0.008611111111111111 , 0.002453721238487416 , 0 , 1 , 21.705606305140574
0.2 , 0.012638888888888889 , 0.008204135598896309 , 1 , 1 , 42.71732841833705
0.3 , 0.005555555555555556 , 0.0009883716713755082 , 0 , 1 , 41.30394649643341
0.4 , 0.23747222222222222 , 0.35584911068201447 , 1 , 0 , 60.56547327914519
0.9 , 0.02036111111111111 , 0.0065979221145130475 , 0 , 0 , 43.51868508253828
0.0 , 0.3781388888888889 , 0.36121164965564984 , 1 , 0 , 73.15613394138207
0.7 , 0.26311111111111113 , 0.20097341008692618 , 1 , 1 , 27.874799104529735
0.5 , 0.25283333333333335 , 0.2167593454681132 , 0 , 0 , 55.39846337438967
0.4 , 0.007333333333333333 , 0.0010280227323390778 , 0 , 1 , 37.79413466193823
0.1 , 0.008388888888888888 , 0.0014872130121082196 , 0 , 1 , 45.10583209288109
0.5 , 0.01025 , 0.004400331271744172 , 1 , 1 , 35.56819185860267
1.0 , 0.2981111111111111 , 0.3014224141309798 , 0 , 1 , 20.44742146531223
0.1 , 0.08088888888888889 , 0.05949417174048595 , 1 , 0 , 65.6030347045069
0.7 , 0.010222222222222223 , 0.0036692666892327503 , 0 , 1 , 27.420706966472462
0.3 , 0.010194444444444445 , 0.0033825014389405423 , 0 , 0 , 61.53150794210374
0.2 , 0.014361111111111111 , 0.0047758551544569506 , 1 , 0 , 63.60247379117138
0.4 , 0.012277777777777778 , 0.008794998143389677 , 0 , 1 , 35.01157431540265
1.0 , 0.012055555555555555 , 0.002837406582483948 , 1 , 0 , 39.09567035602657
0.4 , 0.014472222222222221 , 0.009346553807789164 , 0 , 1 , 34.89132278406064
0.1 , 0.012861111111111111 , 0.0033350619425650922 , 0 , 0 , 68.04611415416818
0.6 , 0.017833333333333333 , 0.005151309255425808 , 0 , 0 , 52.80103486031161
0.2 , 0.019555555555555555 , 0.016501752706799405 , 0 , 1 , 40.888441052752725
0.2 , 0.017583333333333333 , 0.008997430010566274 , 1 , 0 , 63.71073492414309
0.3 , 0.47069444444444447 , 0.3427872990413031 , 1 , 0 , 61.43405897028064
0.5 , 0.14322222222222222 , 0.1056089299197567 , 1 , 0 , 53.677970015576534
0.6 , 0.1778611111111111 , 0.1718560128728165 , 0 , 1 , 31.079325132994
0.9 , 0.011472222222222222 , 0.006589046334973006 , 0 , 1 , 24.33197721758729
0.6 , 0.2803611111111111 , 0.25385998175428753 , 1 , 1 , 30.205048389743403
0.2 , 0.4509166666666667 , 0.30511253924813814 , 1 , 1 , 39.92594101654605
0.7 , 0.010027777777777778 , 0.003179055331035717 , 0 , 0 , 50.01553057977668
0.2 , 0.44672222222222224 , 0.4446669568238543 , 1 , 0 , 63.42253502408074
0.6 , 0.01838888888888889 , 0.009531260350978961 , 0 , 0 , 51.82175444099594
0.8 , 0.23452777777777778 , 0.17669730238155043 , 0 , 1 , 22.914689881713834
0.5 , 0.5346944444444445 , 0.5833048653854538 , 0 , 1 , 34.32537434307696
0.5 , 0.6958055555555556 , 0.6078128531914211 , 1 , 1 , 35.387847711743284
0.1 , 0.1995 , 0.14746738566739856 , 0 , 1 , 44.78766677304699
0.0 , 0.014611111111111111 , 0.011612402164831415 , 1 , 1 , 49.5967016265055
0.3 , 0.04741666666666667 , 0.03597528114675985 , 0 , 0 , 61.151470425359925
0.6 , 0.7335277777777778 , 0.5477842611129615 , 1 , 0 , 51.929961953424474
0.2 , 0.203 , 0.20803067802021627 , 1 , 1 , 41.38951736359846
0.2 , 0.38177777777777777 , 0.3292953061029069 , 0 , 0 , 64.31236386652303
0.3 , 0.36083333333333334 , 0.24194366787766672 , 0 , 1 , 37.94845967823871
0.0 , 0.018305555555555554 , 0.008419115566606692 , 0 , 1 , 49.83628068631271
0.7 , 0.3829444444444444 , 0.4238264660514494 , 0 , 1 , 29.76963046818585
1.0 , 0.010222222222222223 , 0.004419223602482725 , 1 , 1 , 17.010556359268776
0.9 , 0.016555555555555556 , 0.007011900952274121 , 1 , 0 , 41.77233404278706
0.4 , 0.7231666666666666 , 0.6558225853970873 , 0 , 0 , 63.33534336451193
0.3 , 0.25322222222222224 , 0.17798249729550347 , 0 , 1 , 38.7055651386832
0.9 , 0.008833333333333334 , 0.0015390540737366001 , 1 , 0 , 41.052399792251784
0.4 , 0.021027777777777777 , 0.01296283509818511 , 1 , 0 , 59.06597598248452
0.0 , 0.5270833333333333 , 0.4712183512316334 , 1 , 1 , 48.99592578547983
0.7 , 0.015527777777777777 , 0.005057168832789763 , 0 , 0 , 49.08993120829794
0.6 , 0.004694444444444445 , 0.0010156576791394926 , 0 , 1 , 31.34012469484253
0.2 , 0.2571111111111111 , 0.19614002073173892 , 1 , 0 , 61.28589789402908
1.0 , 0.2296388888888889 , 0.18017303918042307 , 0 , 0 , 39.57875735797852
0.7 , 0.11566666666666667 , 0.07577292103130948 , 1 , 0 , 49.51141495325915
0.6 , 0.011888888888888888 , 0.005728238323453472 , 0 , 1 , 30.757576251376406
0.5 , 0.19933333333333333 , 0.18879643705681234 , 0 , 1 , 36.47377041792307
0.2 , 0.01597222222222222 , 0.006013655199582905 , 1 , 1 , 43.95817972630795
0.5 , 0.020416666666666666 , 0.006494818591954363 , 1 , 0 , 55.319806518938194
0.4 , 0.009694444444444445 , 0.005244246525975019 , 1 , 1 , 36.44850261849117
0.9 , 0.015555555555555555 , 0.011329428105102885 , 1 , 1 , 22.543723805578566
0.2 , 0.1386111111111111 , 0.11611622797064189 , 0 , 0 , 64.27250298041828
0.9 , 0.2991666666666667 , 0.2818856998633767 , 1 , 0 , 44.06695750363189
0.6 , 0.014 , 0.00475777728772667 , 0 , 0 , 51.055261683848464
0.8 , 0.016083333333333335 , 0.004103962563004197 , 0 , 1 , 24.717027733597046
0.5 , 0.01686111111111111 , 0.007915064569064146 , 1 , 1 , 31.59391805568938
0.5 , 0.010694444444444444 , 0.0017579076408023506 , 0 , 1 , 35.24855964276466
0.7 , 0.7340833333333333 , 0.46301041338002585 , 0 , 1 , 21.45708764888693
0.2 , 0.00986111111111111 , 0.003085805604181001 , 1 , 1 , 42.11344994361233
0.9 , 0.5057222222222222 , 0.4411832197960012 , 0 , 0 , 43.4694258945727
0.1 , 0.5023055555555556 , 0.5405465626463567 , 0 , 1 , 46.56913847241482
0.1 , 0.023833333333333335 , 0.01167489498519148 , 0 , 1 , 46.19599799786111
0.0 , 0.5655833333333333 , 0.3173212615440795 , 1 , 0 , 68.93772636550023
0.7 , 0.23722222222222222 , 0.1447478738692744 , 0 , 1 , 27.296027772246585
0.2 , 0.018916666666666665 , 0.0058365714609899194 , 1 , 0 , 62.7534899505792
0.7 , 0.018111111111111113 , 0.003293566002635866 , 1 , 0 , 50.450279117633535
0.4 , 0.11688888888888889 , 0.08231198651186795 , 1 , 0 , 58.53109644136737
0.7 , 0.015333333333333332 , 0.006518306686576027 , 1 , 1 , 26.391821707373786
0.1 , 0.013555555555555555 , 0.002107600426495585 , 0 , 1 , 45.464698390853876
0.4 , 0.01011111111111111 , 0.0022283612315056743 , 0 , 0 , 56.98541938999574
0.2 , 0.2838611111111111 , 0.2554389777022205 , 0 , 1 , 43.12170626661545
0.6 , 0.09363888888888888 , 0.07208551447222061 , 0 , 1 , 31.87722121966906
0.7 , 0.6385833333333333 , 0.532955081557355 , 1 , 0 , 52.78170961610085
0.6 , 0.6314444444444445 , 0.672802094294664 , 1 , 0 , 57.59969003281299
0.9 , 0.006472222222222222 , 0.0014242504531945233 , 1 , 1 , 22.210929157042315
0.7 , 0.012666666666666666 , 0.0037510312824975875 , 1 , 0 , 49.9917785796541
0.3 , 0.0135 , 0.00629258674861458 , 1 , 0 , 62.27218303865436
1.0 , 0.021333333333333333 , 0.013283050292488741 , 1 , 0 , 40.7204951513399
0.0 , 0.02336111111111111 , 0.010913802570435888 , 1 , 0 , 70.0527423966254
0.5 , 0.008472222222222223 , 0.0016690855690165618 , 1 , 1 , 34.66574241787222
0.0 , 0.4078333333333333 , 0.40462793786116186 , 1 , 0 , 72.83173817904817
0.0 , 0.021027777777777777 , 0.004452051892681308 , 0 , 0 , 68.65553158828928
0.4 , 0.5033055555555556 , 0.37720112344610723 , 1 , 0 , 57.01146630245688
0.1 , 0.007333333333333333 , 0.001996072367339583 , 1 , 1 , 43.752215782199585
0.7 , 0.3322222222222222 , 0.3440417110578512 , 1 , 0 , 50.20507069246675
0.6 , 0.012694444444444444 , 0.004366160470265354 , 0 , 0 , 50.86907576748207
0.1 , 0.012694444444444444 , 0.004730888549830591 , 1 , 1 , 46.68695389734687
1.0 , 0.014055555555555556 , 0.003918820020973857 , 1 , 0 , 40.09124663704827
0.3 , 0.4282222222222222 , 0.4169456850096425 , 0 , 1 , 40.13929233844586
0.5 , 0.011916666666666667 , 0.0027800109091395955 , 1 , 1 , 34.256768498836315
0.2 , 0.0036666666666666666 , 0.0007919601026917833 , 1 , 0 , 64.90562653752036
0.9 , 0.11563888888888889 , 0.12929390838386276 , 1 , 1 , 20.52133468849808
0.5 , 0.3495 , 0.4291210789688009 , 1 , 0 , 59.11387964728738
0.6 , 0.32169444444444445 , 0.2960445446684375 , 1 , 0 , 53.6503328562001
0.4 , 0.004805555555555556 , 0.0020698553090142987 , 0 , 1 , 35.545947317671974
0.3 , 0.14233333333333334 , 0.11023163065684363 , 1 , 0 , 60.4392132280181
0.8 , 0.015305555555555555 , 0.002797602653702705 , 1 , 1 , 22.73219810091275
0.1 , 0.36544444444444446 , 0.3407541754247279 , 0 , 1 , 46.34433699552647
0.6 , 0.021638888888888888 , 0.009995065261424251 , 0 , 1 , 30.61374243418801
1.0 , 0.014194444444444445 , 0.006834260816229317 , 1 , 0 , 41.64503121976419
0.5 , 0.021944444444444444 , 0.00839673638886754 , 0 , 0 , 57.22413131116612
0.7 , 0.00786111111111111 , 0.0061209635240952395 , 1 , 0 , 49.75127532097949
0.8 , 0.011527777777777777 , 0.0068214987969574415 , 1 , 0 , 45.4666176888692
0.6 , 0.4106666666666667 , 0.3166935321304966 , 0 , 1 , 29.83309582832183
1.0 , 0.8223055555555555 , 0.6836192814930486 , 1 , 0 , 37.967850844022685
0.7 , 0.41308333333333336 , 0.5320267089063385 , 0 , 0 , 53.44542290815896
0.1 , 0.010805555555555556 , 0.0020404957101141765 , 1 , 1 , 44.231305533559876
0.0 , 0.013305555555555555 , 0.0056276450792200235 , 1 , 0 , 71.73526133787374
0.1 , 0.009555555555555555 , 0.003903760672785641 , 0 , 1 , 45.0015031577222
0.5 , 0.30325 , 0.2214381290354412 , 1 , 0 , 53.86208251820829
0.3 , 0.7273611111111111 , 0.5810240909709684 , 1 , 1 , 38.47720227896101
0.9 , 0.28830555555555554 , 0.28178967716341075 , 1 , 1 , 22.984679826930172
0.9 , 0.014083333333333333 , 0.006705803918261772 , 0 , 0 , 42.73839512708533
0.1 , 0.01972222222222222 , 0.008025667447678889 , 1 , 0 , 68.1266928243748
0.1 , 0.144 , 0.11510753839895924 , 0 , 0 , 67.03743831549154
0.5 , 0.008833333333333334 , 0.0027336524829722204 , 0 , 1 , 32.278580010944026
0.2 , 0.23944444444444443 , 0.15858076884489528 , 1 , 0 , 61.77164027466375
0.0 , 0.02125 , 0.011754231599601735 , 0 , 0 , 70.49859038733211
1.0 , 0.01638888888888889 , 0.004221467078033942 , 1 , 0 , 39.71002857389473
0.2 , 0.38711111111111113 , 0.39845478800675077 , 1 , 0 , 65.69426238793297
0.0 , 0.6343055555555556 , 0.38344319413648237 , 0 , 0 , 63.88152170086167
0.1 , 0.14308333333333334 , 0.13498444210377275 , 0 , 0 , 68.56426752203583
0.9 , 0.36894444444444446 , 0.25272145516464867 , 1 , 0 , 43.7322081624976
0.7 , 0.02225 , 0.011618858685973206 , 0 , 1 , 28.027823008118276
0.3 , 0.08077777777777778 , 0.04935012820600125 , 1 , 1 , 40.08567236436032
0.7 , 0.16202777777777777 , 0.1154486237540773 , 1 , 0 , 50.609528240298104
0.1 , 0.46408333333333335 , 0.4737383857662333 , 0 , 1 , 43.73782495849775
0.0 , 0.013111111111111112 , 0.0038209026381946735 , 1 , 0 , 68.64533304755793
0.0 , 0.49341666666666667 , 0.5026117932771799 , 0 , 0 , 66.87258484279393
0.4 , 0.0031944444444444446 , 0.0011218614577321636 , 0 , 1 , 37.05526502900317
0.8 , 0.29725 , 0.38866120142080757 , 0 , 1 , 26.647062089871497
0.5 , 0.007388888888888889 , 0.0021826480276737753 , 0 , 0 , 57.081367246075345
1.0 , 0.24877777777777776 , 0.3134728292102254 , 1 , 0 , 38.922115042478815
0.5 , 0.6244166666666666 , 0.5920089704018858 , 1 , 0 , 57.209668902947044
0.6 , 0.014 , 0.0028189072998401213 , 0 , 0 , 51.92440254495462
0.3 , 0.008861111111111111 , 0.0013192326871367193 , 0 , 1 , 38.5055800459297
0.3 , 0.1113611111111111 , 0.08898936101647269 , 1 , 0 , 60.78725948075549
0.0 , 0.5328333333333334 , 0.6869036977647717 , 0 , 0 , 75.2130833637958
0.0 , 0.01952777777777778 , 0.009897860864220653 , 1 , 1 , 49.0949203907171
0.3 , 0.45158333333333334 , 0.4027084855490661 , 0 , 0 , 58.349569017038746
0.8 , 0.17602777777777778 , 0.16844169081080002 , 1 , 1 , 23.39539422193773
0.4 , 0.19105555555555556 , 0.13290714701241152 , 1 , 0 , 57.857697681841145
0.6 , 0.011166666666666667 , 0.0032160534719740236 , 1 , 1 , 29.142234505938102
0.1 , 0.012138888888888888 , 0.003102865361567663 , 0 , 1 , 43.62657934048234
0.6 , 0.017833333333333333 , 0.0070650107219340265 , 0 , 0 , 51.959452292514584
0.7 , 0.01613888888888889 , 0.007030052250630475 , 1 , 0 , 50.115149439558046
1.0 , 0.4011111111111111 , 0.3427919193496402 , 0 , 0 , 39.98444051796427
0.2 , 0.015472222222222222 , 0.0085760939577668 , 0 , 0 , 63.91212158519256
0.9 , 0.01986111111111111 , 0.009456920602407513 , 1 , 0 , 42.01161537190606
0.0 , 0.011 , 0.004117524323958268 , 0 , 0 , 71.27155234525671
0.7 , 0.008166666666666666 , 0.0035932367612958476 , 1 , 0 , 48.57159339668999
0.4 , 0.010138888888888888 , 0.008734044390497634 , 0 , 0 , 58.09851009447603
0.4 , 0.013027777777777777 , 0.005891495975791927 , 1 , 0 , 60.17046816845123
1.0 , 0.2695 , 0.20390113514748173 , 0 , 0 , 40.934828889176366
0.6 , 0.012194444444444445 , 0.006874594111166456 , 0 , 1 , 28.845409276312967
0.9 , 0.10491666666666667 , 0.10778854723033113 , 1 , 1 , 22.240513720194482
0.6 , 0.010472222222222223 , 0.0025850693148268943 , 1 , 0 , 52.32728301797075
0.7 , 0.1830277777777778 , 0.22713148166033795 , 1 , 1 , 30.416496430345287
0.7 , 0.011583333333333333 , 0.003149696346867719 , 0 , 0 , 48.63505522328949
0.8 , 0.40275 , 0.43828230467656976 , 0 , 1 , 28.76052906600274
0.9 , 0.003472222222222222 , 0.0009227424164525091 , 0 , 0 , 43.79536064868208
0.6 , 0.020277777777777777 , 0.010921113030023247 , 0 , 0 , 52.734618386425424
1.0 , 0.0007777777777777777 , 8.54315963700999e-05 , 1 , 0 , 42.54230161890577
0.0 , 0.007805555555555555 , 0.0059052943244513574 , 1 , 0 , 69.58486147239037
1.0 , 0.020638888888888887 , 0.0048851924050275644 , 0 , 1 , 19.238435805378664
0.8 , 0.0816111111111111 , 0.07453974929455401 , 1 , 0 , 48.022026998075624
0.1 , 0.012138888888888888 , 0.004475044773456361 , 1 , 0 , 66.76807328874382
0.4 , 0.009138888888888889 , 0.002407414421397245 , 1 , 0 , 58.09251621896935
0.2 , 0.3006111111111111 , 0.2838877050177599 , 0 , 0 , 67.5070826462964
0.8 , 0.019444444444444445 , 0.009289289082870682 , 1 , 1 , 25.686168448423786
0.9 , 0.015277777777777777 , 0.004355859469554887 , 1 , 1 , 20.445422279335954
0.3 , 0.31605555555555553 , 0.26429357374872187 , 0 , 0 , 60.63355022292999
0.8 , 0.5266111111111111 , 0.49048183248334815 , 0 , 1 , 28.262708746856056
1.0 , 0.019555555555555555 , 0.010767424139382748 , 1 , 1 , 19.943840253277255
0.3 , 0.0165 , 0.006725119696702136 , 0 , 0 , 62.12389383094188
0.8 , 0.5385555555555556 , 0.37049729824218675 , 0 , 1 , 25.504059657490348
0.5 , 0.0003333333333333333 , 0.0002124281782085792 , 0 , 0 , 56.393773741483486
0.9 , 0.010222222222222223 , 0.007822511289806098 , 0 , 0 , 45.01638550709597
0.7 , 0.23033333333333333 , 0.17970905651635577 , 1 , 0 , 49.82196276138201
0.7 , 0.019 , 0.010800877272700475 , 1 , 1 , 29.170226983808373
0.5 , 0.44166666666666665 , 0.4130753632709038 , 1 , 0 , 58.13341860374728
0.9 , 0.13833333333333334 , 0.09897945314408339 , 1 , 1 , 20.4331341016929
0.0 , 0.006805555555555555 , 0.002919415230145251 , 1 , 1 , 48.66447408839955
0.3 , 0.014805555555555556 , 0.005231150154955725 , 1 , 0 , 61.44890991835034
0.2 , 0.012222222222222223 , 0.008210939725633576 , 1 , 1 , 41.476375536300246
0.5 , 0.015666666666666666 , 0.004257770320539511 , 1 , 0 , 56.243235244064074
0.1 , 0.0655 , 0.050500248660936636 , 0 , 1 , 44.66957706582483
0.0 , 0.021222222222222222 , 0.004716096872640063 , 1 , 0 , 70.80453226563272
0.6 , 0.21072222222222223 , 0.18096157660819615 , 1 , 1 , 31.1674847083106
0.9 , 0.014138888888888888 , 0.00732517616254318 , 1 , 0 , 41.877515670834505
1.0 , 0.00836111111111111 , 0.005270596128337154 , 1 , 1 , 18.16032885066356
0.5 , 0.01997222222222222 , 0.0032546569250105862 , 0 , 1 , 33.590216819534504
0.0 , 0.015 , 0.009583603958033983 , 1 , 0 , 70.3306030961237
0.7 , 0.0019166666666666666 , 0.000330026176188892 , 1 , 0 , 50.31269983608879
0.9 , 0.59575 , 0.49600122941162395 , 0 , 0 , 38.3757321214782
0.9 , 0.02227777777777778 , 0.0069463197528062785 , 0 , 1 , 20.396548413436772
0.1 , 0.2301388888888889 , 0.19516532742714243 , 1 , 0 , 66.06960507225631
0.0 , 0.024916666666666667 , 0.008498214365255193 , 1 , 0 , 70.69366338717174
0.9 , 0.07736111111111112 , 0.04833915868832642 , 1 , 1 , 21.522586769526715
0.4 , 0.016916666666666667 , 0.010881785106353466 , 1 , 0 , 56.85885307171934
0.8 , 0.09230555555555556 , 0.080492072791924 , 1 , 0 , 47.22506438661131
0.5 , 0.022722222222222224 , 0.009044980346027857 , 1 , 1 , 33.89044011902152
0.5 , 0.19433333333333333 , 0.14577830268168263 , 0 , 0 , 53.42713965265274
0.7 , 0.018166666666666668 , 0.005368816890968726 , 0 , 1 , 27.595466128644926
0.4 , 0.39175 , 0.3831200391535484 , 0 , 0 , 59.06663957660627
1.0 , 0.08441666666666667 , 0.07652642163323657 , 1 , 0 , 40.90958404459756
0.3 , 0.010666666666666666 , 0.007662483662175769 , 0 , 1 , 38.352633178990956
0.0 , 0.007138888888888889 , 0.0020186008992523125 , 0 , 1 , 47.16227986820121
1.0 , 0.28497222222222224 , 0.24379988896547022 , 0 , 0 , 41.085703436944854
0.4 , 0.0135 , 0.006958653654867723 , 1 , 1 , 36.42467631046798
0.9 , 0.01075 , 0.0058521920228068805 , 0 , 0 , 42.37245691982742
0.5 , 0.019694444444444445 , 0.011093959306965157 , 1 , 0 , 54.42344750198915
0.2 , 0.009444444444444445 , 0.0044553019384673265 , 1 , 1 , 40.97142599809076
0.3 , 0.011777777777777778 , 0.005160927946587544 , 0 , 1 , 39.87500647127215
0.0 , 0.3031388888888889 , 0.23835241844815563 , 0 , 0 , 70.98187115626573
0.4 , 0.20080555555555554 , 0.20024302535126148 , 1 , 0 , 58.99647706531691
1.0 , 0.02436111111111111 , 0.011636001692389252 , 1 , 0 , 40.9547994447022
0.9 , 0.017583333333333333 , 0.007217568048704531 , 1 , 0 , 43.067829915320885
0.2 , 0.005416666666666667 , 0.0018576314526313822 , 0 , 1 , 42.87365942602619
0.8 , 0.004694444444444445 , 0.0007134570807540935 , 0 , 0 , 46.28548641653636
0.3 , 0.45419444444444446 , 0.40632475745035124 , 0 , 1 , 36.533125979038225
0.1 , 0.47502777777777777 , 0.43115468421080005 , 0 , 0 , 67.11210864431811
0.3 , 0.1317222222222222 , 0.10733231610225623 , 1 , 0 , 59.936367052040126
0.7 , 0.14155555555555555 , 0.0735095509734247 , 0 , 1 , 27.11120139463472
0.4 , 0.021083333333333332 , 0.013830759838197045 , 1 , 0 , 58.86693128782442
0.9 , 0.6281111111111111 , 0.4911953081964927 , 0 , 1 , 23.297705594732797
0.7 , 0.013972222222222223 , 0.004656014250790263 , 1 , 0 , 50.74740251367754
0.3 , 0.4558333333333333 , 0.3200948927034538 , 1 , 1 , 37.99984316152406
0.2 , 0.010305555555555556 , 0.0032060862886429385 , 0 , 0 , 63.43989991822019
0.5 , 0.10658333333333334 , 0.0907966242085129 , 1 , 0 , 55.34109201677765
0.2 , 0.12205555555555556 , 0.09025846564199001 , 1 , 0 , 65.33598784083198
0.8 , 0.3018888888888889 , 0.2998123017883922 , 0 , 0 , 50.785037707414695
0.9 , 0.01363888888888889 , 0.004818936948262544 , 0 , 1 , 22.869029359858654
0.5 , 0.6198333333333333 , 0.41890123676339963 , 0 , 1 , 29.708078986524594
1.0 , 0.019944444444444445 , 0.006939049615692058 , 1 , 0 , 40.13657040333886
1.0 , 0.01988888888888889 , 0.007036828292335947 , 0 , 1 , 18.789374560497805
0.2 , 0.5096944444444444 , 0.39427572118554716 , 0 , 1 , 41.55186655628222
0.4 , 0.008805555555555556 , 0.003059701658761548 , 1 , 0 , 59.79082937094684
0.5 , 0.01375 , 0.007097027250026241 , 0 , 1 , 34.093663750195304
0.5 , 0.2311111111111111 , 0.1887148667002394 , 0 , 0 , 57.965106383415
0.3 , 0.18930555555555556 , 0.16231561514042495 , 0 , 0 , 62.3300941834092
0.0 , 0.012777777777777779 , 0.008031596654580494 , 0 , 0 , 69.5136457157748
0.4 , 0.11775 , 0.10346533262504505 , 0 , 0 , 57.998087485043555
0.3 , 0.02227777777777778 , 0.008749990243944376 , 1 , 1 , 39.47429010807946
0.4 , 0.017888888888888888 , 0.010440298804736658 , 0 , 0 , 58.70848375461547
0.2 , 0.017972222222222223 , 0.008445624178117105 , 1 , 0 , 65.08693640946298
0.1 , 0.07002777777777777 , 0.04263163045597762 , 0 , 1 , 44.566034855826494
0.4 , 0.022111111111111113 , 0.006229162204550075 , 1 , 1 , 37.03980374668721
1.0 , 0.2848333333333333 , 0.2309740364062878 , 1 , 0 , 41.649778552453526
0.1 , 0.01386111111111111 , 0.0063009995922807946 , 0 , 1 , 44.25770507592141
0.0 , 0.019083333333333334 , 0.012898384140248232 , 0 , 0 , 70.84690797594102
0.6 , 0.13127777777777777 , 0.07662305299760074 , 1 , 1 , 29.23045617584131
0.4 , 0.43094444444444446 , 0.3230677193036538 , 1 , 1 , 37.688706233279646
0.3 , 0.021805555555555557 , 0.010967155436480587 , 0 , 1 , 40.03696061104051
0.4 , 0.020027777777777776 , 0.002989062808734482 , 0 , 0 , 58.81266780338017
0.1 , 0.49377777777777776 , 0.41475557427531157 , 1 , 1 , 48.66731385321469
0.9 , 0.0695 , 0.052253046789550076 , 0 , 1 , 22.37691348819976
0.2 , 0.014861111111111111 , 0.0042609892216868926 , 0 , 0 , 65.49650309492058
0.5 , 0.017027777777777777 , 0.012844106556977859 , 1 , 1 , 34.236297785123995
0.1 , 0.01611111111111111 , 0.008786966137237827 , 0 , 0 , 65.7099178621162
0.1 , 0.017361111111111112 , 0.01096249061428214 , 0 , 0 , 68.23244968994847
0.7 , 0.4539722222222222 , 0.4807564030553578 , 1 , 0 , 49.71708018286328
0.2 , 0.63625 , 0.5010375336441123 , 0 , 1 , 41.210749897036386
0.6 , 0.3734166666666667 , 0.37432257863836116 , 1 , 1 , 34.18852378254507
0.7 , 0.04002777777777778 , 0.02342020708124142 , 1 , 1 , 27.830078612478914
0.6 , 0.5391111111111111 , 0.46353971299565644 , 0 , 0 , 53.74050579888036
0.2 , 0.012972222222222222 , 0.004048884432276799 , 1 , 1 , 43.57241271432661
0.0 , 0.14194444444444446 , 0.09565978920967258 , 1 , 1 , 47.19566383807193
0.5 , 0.02322222222222222 , 0.011857140067654799 , 0 , 0 , 56.83609479763292
0.1 , 0.3386111111111111 , 0.39303858342485587 , 1 , 0 , 66.1152241093263
0.9 , 0.009333333333333334 , 0.0034595407157867785 , 1 , 1 , 22.267757653677062
0.8 , 0.009666666666666667 , 0.0034634291823518798 , 1 , 1 , 24.750981348621032
0.8 , 0.7154722222222222 , 0.6575381528633201 , 0 , 1 , 29.741566539178955
0.0 , 0.35830555555555554 , 0.4437749222838546 , 1 , 0 , 70.80205053068455
0.8 , 0.0025555555555555557 , 0.0002941114144239464 , 0 , 0 , 45.94633136649048
0.4 , 0.011722222222222222 , 0.006618781354304764 , 1 , 0 , 59.269489695887266
1.0 , 0.3988333333333333 , 0.3174421486356445 , 0 , 1 , 20.76424354218536
0.8 , 0.01638888888888889 , 0.00844823727418869 , 1 , 1 , 26.199301537443986
0.9 , 0.46902777777777777 , 0.4721609113227704 , 1 , 1 , 25.707573181049582
0.7 , 0.020722222222222222 , 0.003970207043967548 , 0 , 0 , 47.58393321648695
0.5 , 0.37394444444444447 , 0.371245728357675 , 1 , 0 , 53.57258656882006
0.0 , 0.258 , 0.20821325946581004 , 1 , 0 , 69.67707590364132
1.0 , 0.04136111111111111 , 0.02313818839689536 , 1 , 1 , 18.75679388396302
0.4 , 0.7259722222222222 , 0.7443437486603304 , 0 , 0 , 60.24977004181792
1.0 , 0.07886111111111112 , 0.04540319396715251 , 0 , 1 , 18.339786529944625
0.0 , 0.11705555555555555 , 0.11085597716732198 , 0 , 0 , 70.673516617635
0.6 , 0.0067777777777777775 , 0.0009645981725529027 , 0 , 1 , 28.780902924640152
0.4 , 0.06663888888888889 , 0.06770088213294281 , 0 , 1 , 37.17292038699915
0.1 , 0.11613888888888889 , 0.10573096210756062 , 1 , 1 , 45.764413294920416
0.6 , 0.1812777777777778 , 0.1463249479696409 , 0 , 0 , 52.20369194178565
0.0 , 0.017638888888888888 , 0.010646874719219667 , 0 , 0 , 70.93067614478333
0.4 , 0.014583333333333334 , 0.009028318175495174 , 1 , 0 , 56.9217609943036
0.7 , 0.3937222222222222 , 0.35708475713440463 , 0 , 1 , 26.807179153044647
0.1 , 0.25372222222222224 , 0.26094217763658056 , 1 , 0 , 67.70367702013509
0.9 , 0.16552777777777777 , 0.11425340049348923 , 1 , 1 , 23.704790346960788
0.5 , 0.23741666666666666 , 0.25735498528178696 , 1 , 0 , 58.04494638844423
1.0 , 0.005027777777777778 , 0.0009088279094579209 , 1 , 0 , 41.48829694486882
0.9 , 0.13541666666666666 , 0.10987926456178507 , 1 , 0 , 43.240584852942746
0.7 , 0.0049722222222222225 , 0.001032678201144773 , 1 , 1 , 28.638657622542063
0.8 , 0.4008055555555556 , 0.3065283491451506 , 1 , 1 , 21.37395888357378
0.4 , 0.28502777777777777 , 0.3802596282029665 , 0 , 1 , 38.72406371607834
1.0 , 0.6353611111111112 , 0.5841368659829824 , 0 , 1 , 18.592665312009586
1.0 , 0.1934722222222222 , 0.15478377632835794 , 1 , 0 , 41.77522163127606
0.6 , 0.021 , 0.008084401986061666 , 1 , 1 , 31.00984898388796
0.2 , 0.7091388888888889 , 0.6157417404522977 , 0 , 1 , 43.55946589808832
0.1 , 0.08225 , 0.062278316977659134 , 0 , 0 , 67.74407394579714
0.8 , 0.012722222222222222 , 0.0037705969261007033 , 0 , 1 , 23.882772177101973
0.1 , 0.3988888888888889 , 0.41062108263130065 , 0 , 0 , 65.74292599687459
1.0 , 0.5061388888888889 , 0.4169497853430069 , 0 , 1 , 17.499015344697554
0.8 , 0.0925 , 0.09107851241578639 , 0 , 0 , 46.63401454475509
1.0 , 0.6159166666666667 , 0.5183141180162509 , 1 , 1 , 15.854026718388091
0.4 , 0.015944444444444445 , 0.0073990779484543676 , 0 , 0 , 57.54051367591425
0.7 , 0.04958333333333333 , 0.05133125392077436 , 1 , 1 , 27.1916866297381
0.4 , 0.014611111111111111 , 0.005999642470535559 , 0 , 1 , 35.75466659490994
0.9 , 0.3165 , 0.2536496885395033 , 1 , 1 , 23.006488432132322
0.2 , 0.009194444444444444 , 0.004238271559931509 , 0 , 0 , 63.412830233527295
0.8 , 0.5119166666666667 , 0.690872549577968 , 1 , 1 , 31.186118361113873
0.6 , 0.2673333333333333 , 0.1789591096784058 , 0 , 1 , 29.36151522875899
1.0 , 0.15741666666666668 , 0.1668026304661638 , 0 , 1 , 19.354544396177538
0.3 , 0.01636111111111111 , 0.006321815202845729 , 0 , 0 , 59.9507037877545
0.8 , 0.08616666666666667 , 0.09783602362193194 , 1 , 1 , 25.668239303057796
0.0 , 0.0074444444444444445 , 0.00580792505404432 , 0 , 1 , 49.135338606130354
0.1 , 0.5378888888888889 , 0.5122376429228871 , 1 , 1 , 45.239778140414145
0.2 , 0.016083333333333335 , 0.0037747001176645315 , 1 , 0 , 64.4915098073236
0.0 , 0.2848333333333333 , 0.27232708533179134 , 1 , 1 , 51.87353905338006
0.4 , 0.013277777777777777 , 0.0024829121800406307 , 1 , 1 , 34.74481701600979
0.1 , 0.005833333333333334 , 0.0014843120206549968 , 1 , 0 , 68.4261774175966
0.4 , 0.5293611111111111 , 0.4395265116982317 , 0 , 0 , 62.77490309455921
0.2 , 0.3837777777777778 , 0.38837836654218977 , 0 , 1 , 44.996821526360144
0.7 , 0.28525 , 0.2553286445916898 , 0 , 1 , 25.104928168125557
0.2 , 0.011222222222222222 , 0.004037763932545221 , 0 , 1 , 40.83957769742009
0.8 , 0.28069444444444447 , 0.24888610923269022 , 0 , 1 , 26.258542439859728
0.9 , 0.1522777777777778 , 0.1815519449152424 , 1 , 0 , 44.1325234623765
0.0 , 0.016277777777777776 , 0.007881593302731617 , 1 , 1 , 47.320096076359405
0.9 , 0.017055555555555556 , 0.006827913361612229 , 1 , 1 , 21.155067724328465
0.7 , 0.013888888888888888 , 0.010344557770785285 , 1 , 1 , 27.80459904464012
0.0 , 0.66725 , 0.5652244613176451 , 0 , 1 , 45.69154521978085
0.7 , 0.08427777777777777 , 0.09647715398184574 , 0 , 1 , 26.997240009514012
0.0 , 0.015805555555555555 , 0.010908286842364728 , 1 , 0 , 70.17914210407035
0.9 , 0.4414166666666667 , 0.3215437285134795 , 1 , 1 , 23.73722992828295
0.1 , 0.020638888888888887 , 0.012216801436267088 , 1 , 1 , 43.861500895987895
0.0 , 0.17152777777777778 , 0.1627413318773837 , 0 , 0 , 72.37453340387661
0.8 , 0.19541666666666666 , 0.15947359990006388 , 1 , 0 , 44.82045942902298
0.9 , 0.19525 , 0.14309295824461407 , 1 , 0 , 42.30539873577183
0.8 , 0.013361111111111112 , 0.006263288403864623 , 0 , 1 , 25.885813806748942
0.4 , 0.7745277777777778 , 0.5474493376372727 , 1 , 1 , 32.67416664085462
0.8 , 0.014527777777777778 , 0.004990748837850192 , 0 , 1 , 23.006598361135847
0.3 , 0.28958333333333336 , 0.23194577238212413 , 0 , 1 , 40.96560541623172
0.5 , 0.2805 , 0.27758043508101277 , 0 , 1 , 32.49565102633587
0.7 , 0.015055555555555556 , 0.004091204225022776 , 1 , 1 , 28.600169789555853
1.0 , 0.023944444444444445 , 0.016519962024993225 , 0 , 1 , 17.468115069578808
1.0 , 0.2256388888888889 , 0.18555891469176536 , 0 , 1 , 18.315267797374045
0.1 , 0.8491666666666666 , 0.6403779487954459 , 0 , 1 , 41.03897967854156
0.5 , 0.014194444444444445 , 0.006099240656857912 , 0 , 0 , 56.23924200714717
0.3 , 0.008583333333333333 , 0.0026071987226372164 , 1 , 1 , 38.017037404912664
0.8 , 0.026027777777777778 , 0.011700132335749165 , 1 , 1 , 21.895053988208346
1.0 , 0.13516666666666666 , 0.10665748269076021 , 0 , 0 , 44.0063995812466
0.1 , 0.05977777777777778 , 0.047400984883849175 , 0 , 1 , 46.65755708657583
0.4 , 0.3685555555555556 , 0.4625313123440951 , 1 , 1 , 39.667932272731285
1.0 , 0.014638888888888889 , 0.004720897025837761 , 1 , 1 , 19.345456132517068
1.0 , 0.41938888888888887 , 0.3353580074217702 , 0 , 1 , 18.635696326539268
0.9 , 0.008166666666666666 , 0.0022909266376431097 , 0 , 1 , 21.53911315780752
0.8 , 0.08972222222222222 , 0.057947630637648545 , 1 , 1 , 25.350813533523237
0.3 , 0.026 , 0.012566939745714902 , 0 , 1 , 40.0689833559419
0.3 , 0.02047222222222222 , 0.006778625489470503 , 1 , 1 , 39.3275672462078
0.5 , 0.018333333333333333 , 0.009892420773408383 , 1 , 1 , 32.39176929176954
0.1 , 0.23655555555555555 , 0.22189236703464155 , 0 , 0 , 67.98685742880551
0.9 , 0.149 , 0.15274625242722187 , 1 , 1 , 24.5206841375982
0.4 , 0.002611111111111111 , 0.0005096613621663623 , 0 , 0 , 57.6251370217609
0.5 , 0.010611111111111111 , 0.00321704450338848 , 1 , 1 , 34.067340142681545
0.8 , 0.22616666666666665 , 0.2470444479326459 , 0 , 0 , 48.44158917602965
0.5 , 0.026972222222222224 , 0.011331838629778837 , 1 , 1 , 31.143844630212946
0.0 , 0.009361111111111112 , 0.0033397656533588065 , 1 , 0 , 70.39676195919303
0.9 , 0.013555555555555555 , 0.005616020442083585 , 0 , 0 , 44.194421979755134
0.8 , 0.4145277777777778 , 0.44178431797097023 , 0 , 1 , 27.833591311947625
0.6 , 0.35786111111111113 , 0.26490070034269614 , 1 , 0 , 53.95278265656758
0.3 , 0.010972222222222222 , 0.0025203410954742923 , 1 , 1 , 39.114847720720334
0.0 , 0.14641666666666667 , 0.13857816912500595 , 1 , 1 , 48.27480824841787
1.0 , 0.017527777777777778 , 0.008585494747294012 , 1 , 0 , 41.424424072017594
0.6 , 0.27755555555555556 , 0.24459850191896979 , 1 , 1 , 32.20535489083824
0.7 , 0.17052777777777778 , 0.13813828346938314 , 0 , 1 , 28.346026840591154
0.3 , 0.23547222222222222 , 0.153884937789247 , 0 , 1 , 38.331227426610035
0.1 , 0.010777777777777778 , 0.003186993550117545 , 0 , 0 , 65.97554190120556
0.5 , 0.07863888888888888 , 0.04325142370231687 , 1 , 0 , 56.58600244425435
0.9 , 0.48519444444444443 , 0.515379089508204 , 0 , 1 , 20.918890181112364
0.7 , 0.3883333333333333 , 0.24721950112028662 , 1 , 1 , 23.352588094756978
1.0 , 0.12713888888888888 , 0.1391210298248129 , 0 , 0 , 41.797120200824686
0.0 , 0.39113888888888887 , 0.29135050399347245 , 0 , 0 , 70.80625059571642
0.2 , 0.14625 , 0.08414327688759482 , 1 , 0 , 62.58956177895379
0.8 , 0.007222222222222222 , 0.002067778521309171 , 1 , 1 , 24.402108275380368
0.0 , 0.02038888888888889 , 0.006806995252794043 , 0 , 0 , 71.41661174104678
0.0 , 0.21833333333333332 , 0.14262989322437214 , 1 , 1 , 47.67797607799194
1.0 , 0.011361111111111112 , 0.006757597136442748 , 0 , 1 , 19.312147449264536
0.1 , 0.008472222222222223 , 0.003086831817754468 , 0 , 0 , 67.23121946335004
0.8 , 0.011805555555555555 , 0.008187218863307113 , 1 , 1 , 26.640325471153293
0.8 , 0.12397222222222222 , 0.07789562518976946 , 1 , 1 , 25.975540222431313
0.0 , 0.013416666666666667 , 0.004646193694248772 , 1 , 0 , 69.22652986366529
0.0 , 0.09280555555555556 , 0.06907662738393004 , 0 , 1 , 46.717205335053954
1.0 , 0.008805555555555556 , 0.004137051136797528 , 1 , 1 , 19.052579930363564
0.9 , 0.018361111111111113 , 0.0070803145250835494 , 1 , 0 , 42.80098690749613
0.4 , 0.009138888888888889 , 0.0026045733825146374 , 1 , 0 , 57.751165373517445
0.1 , 0.06875 , 0.05791901444904847 , 0 , 1 , 45.083939831336195
0.1 , 0.00836111111111111 , 0.001093057133753272 , 0 , 1 , 45.0176367764661
0.3 , 0.021083333333333332 , 0.009107540101719335 , 1 , 0 , 62.83889507591074
0.6 , 0.38175 , 0.36268963963298617 , 0 , 0 , 54.99202144457208
0.5 , 0.18255555555555555 , 0.13526043233054877 , 1 , 1 , 31.05125550095071
0.4 , 0.06136111111111111 , 0.06804819199527333 , 0 , 0 , 57.765181249288766
0.4 , 0.3039722222222222 , 0.2643089271619105 , 0 , 0 , 58.55341260113755
0.1 , 0.015194444444444444 , 0.00977527055742411 , 1 , 1 , 45.54374833099668
0.1 , 0.17552777777777778 , 0.1294256993595168 , 0 , 1 , 44.08824185115157
0.3 , 0.08677777777777777 , 0.08131505563148031 , 0 , 0 , 60.88224848397464
0.7 , 0.1498611111111111 , 0.15549157793600293 , 0 , 1 , 27.214429073312772
0.4 , 0.008916666666666666 , 0.0033323199067260972 , 0 , 1 , 37.79930482598687
0.2 , 0.4211388888888889 , 0.3532031843219442 , 1 , 1 , 42.9643036149688
0.8 , 0.019 , 0.006200791355949975 , 0 , 0 , 46.115727539387194
0.5 , 0.37727777777777777 , 0.22860911596319153 , 0 , 1 , 32.92644095972367
0.5 , 0.020972222222222222 , 0.005338558991165861 , 0 , 1 , 33.064797625941864
0.1 , 0.01725 , 0.0033636566485860018 , 1 , 1 , 46.11844323721531
0.2 , 0.004944444444444444 , 0.0006214715058681982 , 1 , 1 , 44.0597058771602
0.3 , 0.014555555555555556 , 0.0035529501454168192 , 0 , 1 , 39.516443074865556
0.0 , 0.08141666666666666 , 0.10832334911048479 , 0 , 0 , 71.23826032115797
0.0 , 0.010444444444444444 , 0.002947434177195757 , 1 , 0 , 70.953817078453
1.0 , 0.15063888888888888 , 0.09045060183460889 , 1 , 1 , 18.852832917465076
0.1 , 0.4126944444444444 , 0.30912021860630456 , 1 , 1 , 46.25237972561978
0.9 , 0.006416666666666667 , 0.0015191539055855292 , 0 , 0 , 41.04011260257431
0.5 , 0.012027777777777778 , 0.00596322224766643 , 1 , 0 , 56.480268932131
0.8 , 0.010694444444444444 , 0.0037879058728933833 , 0 , 0 , 46.48034418452361
0.1 , 0.020777777777777777 , 0.0053748580232259495 , 0 , 1 , 45.217297964363645
0.3 , 0.02352777777777778 , 0.011163516547462407 , 1 , 0 , 62.32194363506086
0.7 , 0.36844444444444446 , 0.3556344047301574 , 0 , 0 , 49.76980159382167
0.5 , 0.015666666666666666 , 0.004097320676449583 , 0 , 0 , 55.93964108675073
0.4 , 0.13783333333333334 , 0.11199643462837733 , 1 , 0 , 57.091395903065
0.5 , 0.0069722222222222225 , 0.002535812570553364 , 0 , 0 , 56.220336321628764
0.1 , 0.012555555555555556 , 0.003529624158431385 , 1 , 0 , 67.5162674072893
0.3 , 0.36894444444444446 , 0.37825764445020754 , 1 , 1 , 40.478201402498804
1.0 , 0.010055555555555555 , 0.007437100497866277 , 1 , 1 , 19.26097662239965
0.5 , 0.011888888888888888 , 0.00844579775114659 , 0 , 0 , 56.71666306483245
0.0 , 0.018083333333333333 , 0.007700119197525096 , 0 , 1 , 47.121636391276205
0.4 , 0.015694444444444445 , 0.004032406941206584 , 1 , 0 , 57.130354858088616
0.7 , 0.014138888888888888 , 0.004153948855595725 , 0 , 0 , 49.938640471493265
0.9 , 0.6503055555555556 , 0.6344406810228193 , 1 , 0 , 48.84357601287715
0.6 , 0.016527777777777777 , 0.007999927661309884 , 1 , 1 , 29.071449227593586
0.6 , 0.09575 , 0.07155839876884817 , 1 , 1 , 30.174552488720813
0.3 , 0.11019444444444444 , 0.07336310737803083 , 1 , 0 , 61.81508817781533
0.1 , 0.22433333333333333 , 0.2502763586770567 , 1 , 1 , 47.58558535084298
0.1 , 0.16919444444444445 , 0.19694177024680995 , 0 , 1 , 47.755719052059426
0.2 , 0.3114722222222222 , 0.27562301995816896 , 1 , 0 , 64.65474611164241
1.0 , 0.01663888888888889 , 0.006763810492426684 , 1 , 0 , 42.4171082188171
0.5 , 0.017444444444444443 , 0.012938198028004085 , 0 , 1 , 35.61206932635304
0.7 , 0.009611111111111112 , 0.0034800230096796595 , 0 , 1 , 28.42216952033802
0.2 , 0.41925 , 0.39654129556053824 , 0 , 0 , 62.35460346698065
0.3 , 0.11247222222222222 , 0.09571315412679111 , 1 , 0 , 61.713005955149924
0.4 , 0.0175 , 0.005802768207735814 , 0 , 1 , 38.15809954269295
0.4 , 0.011083333333333334 , 0.002942500386579144 , 1 , 1 , 35.88318125292162
0.2 , 0.12211111111111111 , 0.09685576709468743 , 1 , 1 , 44.62925879694669
0.2 , 0.010888888888888889 , 0.001440072496042246 , 1 , 1 , 42.85069177916046
0.8 , 0.7822777777777777 , 0.5840868139307505 , 1 , 0 , 43.35049150617593
1.0 , 0.4236666666666667 , 0.35318348749771367 , 1 , 1 , 21.48922198660831
0.3 , 0.23158333333333334 , 0.1653897125333847 , 0 , 1 , 40.68645777863867
0.7 , 0.007 , 0.0013357690763558692 , 0 , 0 , 49.16812962301486
0.4 , 0.5455 , 0.795522492856922 , 0 , 0 , 68.15610640224658
0.5 , 0.012944444444444444 , 0.008319669736968039 , 1 , 0 , 55.215090861755186
1.0 , 0.01775 , 0.00828037081192938 , 0 , 0 , 42.049407284123966
0.0 , 0.4374166666666667 , 0.41734290314066386 , 0 , 0 , 70.51989906983775
0.3 , 0.38019444444444445 , 0.3375816572035595 , 0 , 0 , 61.347195545104036
0.3 , 0.31927777777777777 , 0.2750082055666115 , 0 , 1 , 37.42678160444503
0.4 , 0.009194444444444444 , 0.0028012149549315993 , 1 , 0 , 58.086684403117395
0.7 , 0.017472222222222222 , 0.008476406511349063 , 1 , 0 , 48.87250158412689
0.2 , 0.012944444444444444 , 0.0032614629938907624 , 0 , 1 , 43.26242237706902
0.0 , 0.01622222222222222 , 0.005177410933011269 , 1 , 1 , 48.426869854732516
0.4 , 0.43525 , 0.40954341993374355 , 1 , 1 , 37.538061895476325
0.2 , 0.3512222222222222 , 0.2785433625195477 , 1 , 1 , 40.95865876332567
0.3 , 0.19511111111111112 , 0.13349517424551888 , 0 , 1 , 39.01495363987003
0.0 , 0.8854722222222222 , 0.7028576246356706 , 1 , 1 , 47.909107244477454
0.8 , 0.02388888888888889 , 0.008661449743795414 , 1 , 1 , 26.36494922639383
0.1 , 0.1446111111111111 , 0.15928041121541106 , 0 , 0 , 68.80242361652775
0.1 , 0.012805555555555556 , 0.004999124030722878 , 0 , 1 , 45.6721757211718
0.7 , 0.11686111111111111 , 0.11516835540176873 , 1 , 1 , 28.10950098803903
0.4 , 0.10191666666666667 , 0.0810496897504787 , 1 , 1 , 35.83936898569468
1.0 , 0.016194444444444445 , 0.005084710435564677 , 0 , 0 , 40.281551566273585
0.4 , 0.1455 , 0.06906763479998144 , 1 , 1 , 34.14124510284256
0.7 , 0.24616666666666667 , 0.2416035520566586 , 1 , 0 , 50.90992472100934
0.9 , 0.359 , 0.4039549082312529 , 1 , 0 , 44.526707462219385