accelerometer,timeInSeconds,distance,isCar,isOnCall,score
1.0 , 0.01685185185185185 , 0.003972246462603395 , 1 , 0 , 41.77868121910056
0.4 , 0.12404320987654321 , 0.1201498085459626 , 0 , 1 , 36.2162339069336
0.4 , 0.30679012345679013 , 0.3280467558273728 , 0 , 1 , 35.575520535945095
0.3 , 0.6701234567901234 , 0.5723046001579625 , 0 , 0 , 62.42501146694457
0.8 , 0.01898148148148148 , 0.006910411812440185 , 1 , 0 , 46.668226655062355
0.7 , 0.017901234567901235 , 0.009666118995416039 , 1 , 0 , 49.843078250301666
0.4 , 0.017746913580246913 , 0.009955778477226299 , 1 , 0 , 59.25971655662124
0.2 , 0.17469135802469135 , 0.128131312504924 , 0 , 0 , 63.59344502912692
0.2 , 0.007808641975308642 , 0.005098249827121541 , 1 , 1 , 42.571252304648745
0.1 , 0.6078703703703704 , 0.5495255740900343 , 1 , 1 , 45.85913028798878
0.7 , 0.13598765432098767 , 0.09538300498803208 , 0 , 0 , 48.09061800344613
0.3 , 0.38385802469135805 , 0.2648749289238056 , 1 , 0 , 62.67154230364132
0.9 , 0.005555555555555556 , 0.0008935701684842236 , 1 , 0 , 44.5189259741387
0.4 , 0.011728395061728396 , 0.007016361871922797 , 0 , 0 , 58.44583165141067
1.0 , 0.18487654320987654 , 0.15472617140456246 , 1 , 0 , 41.43582223636323
0.2 , 0.01574074074074074 , 0.002504894801911623 , 0 , 1 , 42.22907195810927
0.1 , 0.38935185185185184 , 0.3861323713137321 , 0 , 0 , 66.51889965935189
0.0 , 0.0071913580246913585 , 0.0016363100061818846 , 1 , 0 , 70.81783301854752
0.9 , 0.018796296296296297 , 0.00829359944123009 , 1 , 1 , 22.771299291433294
0.4 , 0.018302469135802468 , 0.009107614461858642 , 1 , 1 , 35.73123233826608
0.8 , 0.004320987654320987 , 0.0012091709679459108 , 0 , 1 , 24.706985462881907
0.3 , 0.019660493827160494 , 0.008046203673988802 , 0 , 1 , 40.3511505849959
0.7 , 0.5325308641975308 , 0.35458840834664956 , 1 , 1 , 27.201893849573445
0.1 , 0.6478703703703703 , 0.7403624112899444 , 1 , 0 , 70.55681246569738
1.0 , 0.4882716049382716 , 0.32830251324768966 , 0 , 1 , 20.11235221321331
0.7 , 0.23790123456790124 , 0.26618691098848213 , 1 , 0 , 52.06423343895735
0.1 , 0.27913580246913583 , 0.2469594429854469 , 0 , 0 , 66.88896463279062
0.0 , 0.009074074074074075 , 0.0029266197372294117 , 0 , 1 , 49.68192375689784
0.6 , 0.6445987654320988 , 0.8680304403807577 , 1 , 0 , 57.85380120881467
0.5 , 0.02021604938271605 , 0.008092981327241153 , 1 , 0 , 56.772652823391866
0.2 , 0.13799382716049383 , 0.10725607000594879 , 0 , 0 , 62.204428447955564
0.7 , 0.7047839506172839 , 0.6982972737259634 , 1 , 1 , 27.840919128343533
1.0 , 0.45925925925925926 , 0.5001722013668489 , 1 , 0 , 45.29241236653118
0.3 , 0.018703703703703705 , 0.0077694931197717304 , 0 , 1 , 38.99935831228958
1.0 , 0.014012345679012345 , 0.007830186166614019 , 0 , 0 , 40.860787470782505
0.2 , 0.24808641975308643 , 0.16361037028078995 , 0 , 1 , 40.137167450182126
0.1 , 0.17814814814814814 , 0.11272632081664001 , 1 , 0 , 65.14753987290857
0.1 , 0.017685185185185186 , 0.004560203099163188 , 0 , 1 , 45.570428517228514
0.6 , 0.35756172839506173 , 0.38876881831592053 , 1 , 1 , 33.34676703360474
0.1 , 0.01824074074074074 , 0.004370952187881042 , 1 , 0 , 66.57579354207289
0.6 , 0.31876543209876546 , 0.28166071625553224 , 0 , 0 , 54.5819773889985
0.4 , 0.19953703703703704 , 0.17758699114511753 , 1 , 0 , 60.75885590734297
1.0 , 0.01132716049382716 , 0.003294886874564449 , 1 , 0 , 42.21462790789021
0.6 , 0.008117283950617284 , 0.0014003483219112436 , 1 , 1 , 30.51621605242491
0.9 , 0.4957716049382716 , 0.4947633915946251 , 1 , 0 , 46.767407564295134
0.8 , 0.018487654320987656 , 0.007346268756604605 , 0 , 1 , 24.388961366209703
0.5 , 0.013209876543209877 , 0.007385947189101232 , 0 , 0 , 54.64277281835002
0.6 , 0.013827160493827161 , 0.005647495895335461 , 1 , 0 , 54.433071751747086
0.2 , 0.029907407407407407 , 0.009779713890274346 , 1 , 1 , 41.74105476743595
0.1 , 0.0066049382716049385 , 0.0011531430004286922 , 0 , 0 , 67.301046699302
0.5 , 0.16490740740740742 , 0.1398144085953084 , 0 , 1 , 34.04387671490608
0.0 , 0.015030864197530865 , 0.0039532405245659135 , 1 , 0 , 69.1888820349203
0.2 , 0.017592592592592594 , 0.011138939002203634 , 0 , 1 , 42.94309825621652
0.1 , 0.01617283950617284 , 0.007303471567728831 , 1 , 0 , 68.04660275298652
0.1 , 0.6809876543209876 , 0.524564942216588 , 0 , 0 , 67.09980248968624
0.9 , 0.015864197530864196 , 0.009932129750433458 , 1 , 0 , 42.47778883092142
0.3 , 0.31527777777777777 , 0.42614839580994274 , 0 , 1 , 44.053806873917225
0.6 , 0.019969135802469135 , 0.007880911755223046 , 1 , 0 , 53.24597269439916
0.8 , 0.013209876543209877 , 0.002408882241893535 , 0 , 0 , 44.61175477161928
0.4 , 0.01950617283950617 , 0.01025833958037503 , 0 , 0 , 58.08317418252867
0.6 , 0.28293209876543207 , 0.2110337666678872 , 0 , 0 , 51.92533981097095
0.0 , 0.009228395061728395 , 0.0021046988104668363 , 0 , 1 , 47.58759711834598
0.5 , 0.01817901234567901 , 0.006256183678832492 , 1 , 0 , 57.09948266533964
1.0 , 0.21666666666666667 , 0.257429744862195 , 0 , 1 , 20.829196820311218
0.5 , 0.27021604938271604 , 0.23745829737274154 , 0 , 0 , 54.07906664882386
0.7 , 0.38385802469135805 , 0.34637722048047676 , 1 , 0 , 47.39899940791057
0.3 , 0.17987654320987653 , 0.21770364147390767 , 1 , 1 , 39.95222218551994
0.5 , 0.12299382716049383 , 0.10423034513377039 , 1 , 0 , 55.61039825457668
0.3 , 0.025092592592592593 , 0.009661140490621035 , 0 , 1 , 39.28907267000037
0.1 , 0.018858024691358024 , 0.013466912567960785 , 0 , 0 , 66.23683746780793
0.9 , 0.012685185185185185 , 0.007050045903097129 , 0 , 0 , 42.900226538448585
0.9 , 0.022098765432098766 , 0.012035908261569937 , 0 , 0 , 42.7891486071623
0.4 , 0.020771604938271605 , 0.009725237610295381 , 0 , 1 , 36.98556879984154
0.3 , 0.006296296296296296 , 0.0025301676620873275 , 0 , 1 , 38.59322163931189
0.6 , 0.6317283950617284 , 0.6694922087824963 , 0 , 1 , 38.398055832117926
0.7 , 0.019660493827160494 , 0.012509703446068315 , 1 , 1 , 29.35886848671403
0.9 , 0.0071913580246913585 , 0.0013077425210982953 , 0 , 1 , 23.056469090000753
0.4 , 0.02287037037037037 , 0.00914958267452845 , 1 , 0 , 57.43886499093884
0.6 , 0.18938271604938273 , 0.19782933075761336 , 0 , 0 , 53.10933976573092
0.4 , 0.8100617283950617 , 0.8084618252514502 , 0 , 1 , 39.974529536891474
0.1 , 0.0125 , 0.012541612526071336 , 1 , 0 , 67.57203185409311
0.3 , 0.056358024691358026 , 0.04550525082121868 , 0 , 1 , 39.44447271011469
0.9 , 0.35771604938271606 , 0.41306356124012417 , 1 , 1 , 21.079940339826923
0.6 , 0.015679012345679012 , 0.004338123104222189 , 1 , 0 , 51.81243761266906
0.7 , 0.03179012345679012 , 0.010763628760136023 , 0 , 0 , 47.892479296242755
0.9 , 0.00962962962962963 , 0.004845573520860461 , 1 , 0 , 43.68094527166818
0.8 , 0.8304938271604938 , 0.7453002538028685 , 1 , 1 , 24.936152431367326
1.0 , 0.018641975308641975 , 0.013036972064476208 , 0 , 1 , 19.51942056058991
0.0 , 0.01308641975308642 , 0.006133053922332191 , 1 , 1 , 48.884792298832785
0.2 , 0.013333333333333334 , 0.006488806225959823 , 0 , 0 , 65.60542884807222
0.4 , 0.29845679012345677 , 0.20741431496202684 , 0 , 0 , 57.204670783107225
0.8 , 0.019228395061728396 , 0.006603813664819489 , 0 , 0 , 46.46181951833098
0.3 , 0.017623456790123455 , 0.007926449290460283 , 0 , 0 , 60.96813408088902
0.1 , 0.16373456790123456 , 0.11102058465047301 , 0 , 0 , 66.61955573493606
0.2 , 0.5667901234567901 , 0.5488622036876978 , 0 , 0 , 62.81030104766884
0.4 , 0.42061728395061726 , 0.4774876100657161 , 1 , 0 , 59.969167838812645
0.1 , 0.25558641975308644 , 0.27831042606787126 , 0 , 0 , 68.60237177427342
0.5 , 0.24237654320987653 , 0.1890387590406652 , 1 , 0 , 55.242916056267575
0.7 , 0.0179320987654321 , 0.006295181313543425 , 0 , 1 , 25.656173349306478
0.4 , 0.019598765432098767 , 0.0037689452043881246 , 0 , 1 , 35.59766772447223
0.3 , 0.24435185185185185 , 0.2742989811346977 , 1 , 0 , 62.05602166734806
0.7 , 0.11089506172839506 , 0.09429017765445799 , 1 , 1 , 29.83250081328817
1.0 , 0.01345679012345679 , 0.0061191114220553525 , 0 , 1 , 15.97881975201057
0.5 , 0.021666666666666667 , 0.007404611327486934 , 0 , 0 , 54.982775915652645
0.2 , 0.2861111111111111 , 0.3812838302650825 , 0 , 0 , 66.32417984236444
0.4 , 0.02015432098765432 , 0.011805142331422306 , 0 , 1 , 36.1819386381741
0.1 , 0.024753086419753087 , 0.009267801177774957 , 0 , 0 , 67.86163873368945
1.0 , 0.273858024691358 , 0.29043396740546534 , 0 , 0 , 41.51211297409696
1.0 , 0.27728395061728395 , 0.35371033943240016 , 0 , 1 , 20.72148253610619
0.4 , 0.1419753086419753 , 0.13347852083172226 , 1 , 0 , 57.391673456470336
0.2 , 0.055462962962962964 , 0.03599584812393329 , 1 , 0 , 64.20019896751391
0.5 , 0.6387654320987655 , 0.7198063884419712 , 0 , 0 , 62.312383709913036
0.9 , 0.016975308641975308 , 0.014906551131386144 , 0 , 1 , 21.309120429830912
0.4 , 0.022623456790123456 , 0.00806834785432941 , 0 , 0 , 56.821879734618655
0.9 , 0.023055555555555555 , 0.009395499766727199 , 1 , 1 , 22.55441906796369
0.1 , 0.018580246913580248 , 0.007150371722086975 , 0 , 1 , 44.80282832497337
0.0 , 0.11302469135802469 , 0.07101185300601368 , 0 , 0 , 70.7774132036495
0.4 , 0.015617283950617284 , 0.004813667646402044 , 1 , 0 , 58.79763886675149
0.6 , 0.01558641975308642 , 0.005741730612637274 , 1 , 0 , 51.866543021612685
1.0 , 0.019290123456790122 , 0.014336539245828636 , 0 , 1 , 20.266391372737544
0.8 , 0.522962962962963 , 0.40105236013756956 , 1 , 0 , 47.3396868262939
0.6 , 0.29962962962962963 , 0.32834128920721745 , 0 , 0 , 55.449762475942144
0.6 , 0.2237037037037037 , 0.2576114761809614 , 0 , 1 , 33.856660155092236
0.7 , 0.012191358024691358 , 0.0016323456131094516 , 1 , 0 , 51.108779593971946
0.6 , 0.2646604938271605 , 0.2518141618386383 , 1 , 0 , 51.93441894186325
0.2 , 0.0023148148148148147 , 0.0006800214248446683 , 0 , 1 , 43.03825036095771
0.6 , 0.013487654320987655 , 0.00887938534758165 , 1 , 0 , 53.06740172210651
0.7 , 0.23126543209876543 , 0.23261020726297252 , 0 , 1 , 29.02559278321149
1.0 , 0.010555555555555556 , 0.0037426021798177105 , 1 , 0 , 41.360582297386955
0.3 , 0.2821604938271605 , 0.2120264619344043 , 1 , 0 , 63.54229464607188
0.8 , 0.019537037037037037 , 0.009070388301593135 , 0 , 1 , 25.819086684543276
0.9 , 0.01682098765432099 , 0.010698437429399492 , 0 , 0 , 42.44770974752419
0.7 , 0.10904320987654322 , 0.06332838518811222 , 0 , 1 , 28.618083025093675
0.9 , 0.01925925925925926 , 0.007147301134651088 , 1 , 0 , 42.39832605159248
0.1 , 0.7776543209876543 , 0.5904629941044557 , 1 , 1 , 50.115060014298784
0.9 , 0.18046296296296296 , 0.1601645274786653 , 1 , 1 , 21.815026677491126
0.4 , 0.01175925925925926 , 0.0041353956690501565 , 1 , 1 , 37.426767779477956
0.6 , 0.015679012345679012 , 0.005779966469405639 , 0 , 0 , 54.211684037331786
0.8 , 0.4163271604938272 , 0.31476550996139757 , 1 , 1 , 26.137492555524013
0.9 , 0.018024691358024692 , 0.004889786122450734 , 0 , 0 , 43.24774355154254
0.5 , 0.015216049382716049 , 0.005086438982930757 , 0 , 1 , 32.67908327073488
0.8 , 0.7342592592592593 , 0.6903115458274872 , 0 , 0 , 52.950059387180346
0.3 , 0.008024691358024692 , 0.0015462056091513586 , 0 , 1 , 39.47466114439588
0.7 , 0.12932098765432098 , 0.08365644039767789 , 0 , 1 , 25.327409520682114
0.4 , 0.012438271604938272 , 0.0045642492245878425 , 1 , 1 , 36.26392890183093
0.5 , 0.20401234567901236 , 0.2304811625425932 , 1 , 1 , 37.103639117571504
1.0 , 0.09567901234567901 , 0.08965176655171612 , 0 , 0 , 41.244722440429285
0.8 , 0.013580246913580247 , 0.005734599249568889 , 0 , 1 , 26.525281531866867
0.7 , 0.018765432098765432 , 0.005150447800395549 , 0 , 0 , 48.55761797378441
0.3 , 0.016574074074074074 , 0.004654629597269159 , 1 , 0 , 62.500237380896415
1.0 , 0.26175925925925925 , 0.1552063787439859 , 1 , 0 , 41.640074318963336
1.0 , 0.23021604938271606 , 0.17566803253682586 , 1 , 0 , 37.51607236795101
0.5 , 0.023796296296296298 , 0.010478932098333307 , 1 , 1 , 32.536887911449
0.9 , 0.0071913580246913585 , 0.0038310605616378394 , 0 , 0 , 42.37375166353783
0.1 , 0.17324074074074075 , 0.17558404090964128 , 1 , 1 , 47.02732399208296
0.2 , 0.09688271604938271 , 0.07592198791378858 , 1 , 1 , 43.52499425870785
0.3 , 0.3254320987654321 , 0.25988101763548915 , 0 , 1 , 37.417899313089826
1.0 , 0.13098765432098766 , 0.15462810660114815 , 1 , 1 , 22.185336459251932
0.6 , 0.5273456790123456 , 0.45375909953372373 , 1 , 0 , 49.69039012774171
0.6 , 0.014845679012345679 , 0.007550420263304171 , 0 , 1 , 30.082543736068057
0.5 , 0.020709876543209875 , 0.005144012291226943 , 0 , 1 , 35.37598098672848
0.8 , 0.21731481481481482 , 0.2446644710190958 , 1 , 1 , 28.61978375270331
0.7 , 0.15209876543209877 , 0.11163898614884887 , 0 , 1 , 29.115767004187543
0.0 , 0.19290123456790123 , 0.16510834058503462 , 1 , 0 , 71.25701485654598
0.3 , 0.2654320987654321 , 0.3009306071628874 , 1 , 0 , 63.577583008623165
0.6 , 0.017777777777777778 , 0.00525080438274352 , 0 , 0 , 52.86508504092813
0.5 , 0.4985185185185185 , 0.5863464585015882 , 0 , 1 , 40.528447892123395
0.9 , 0.01462962962962963 , 0.005681370977010404 , 0 , 1 , 20.979664273483177
0.4 , 0.010987654320987654 , 0.0015014435822404333 , 0 , 0 , 56.68212479083273
0.6 , 0.298179012345679 , 0.275586260469494 , 0 , 1 , 31.47089439017754
1.0 , 0.014351851851851852 , 0.009206553025923596 , 0 , 1 , 18.547828137068045
0.7 , 0.015555555555555555 , 0.0068708558521486255 , 1 , 0 , 48.01184870275879
0.3 , 0.2766975308641975 , 0.23721702945633652 , 0 , 1 , 36.86735735984521
0.7 , 0.2326851851851852 , 0.23505597166383768 , 1 , 0 , 49.03960169718945
0.4 , 0.023703703703703703 , 0.013176092665224492 , 1 , 0 , 59.09932107641672
0.0 , 0.01632716049382716 , 0.00779188465738402 , 0 , 1 , 49.449741464013016
0.1 , 0.019598765432098767 , 0.012428740390407924 , 1 , 0 , 68.78034234118094
0.8 , 0.18108024691358024 , 0.20400443500091361 , 0 , 0 , 45.81257918894403
1.0 , 0.016203703703703703 , 0.01179682565154424 , 0 , 0 , 39.419190284528796
0.8 , 0.22771604938271606 , 0.12945352556768958 , 1 , 0 , 41.60013582677459
0.2 , 0.3529320987654321 , 0.2886006826565732 , 0 , 1 , 45.05602821072909
0.9 , 0.2708641975308642 , 0.26169367311090663 , 1 , 0 , 41.51468175896837
0.8 , 0.009876543209876543 , 0.0066332225397059946 , 1 , 0 , 47.19851529315648
0.7 , 0.2870679012345679 , 0.36988982494526185 , 1 , 0 , 56.22970986854304
0.1 , 0.011481481481481481 , 0.003594552893555274 , 0 , 1 , 46.54789439056559
0.8 , 0.24953703703703703 , 0.21887384603610785 , 1 , 1 , 22.13125664574747
0.9 , 0.01808641975308642 , 0.003999345476779724 , 0 , 1 , 20.05733240699775
0.7 , 0.11820987654320987 , 0.10874153060198069 , 1 , 1 , 27.718111250098527
0.4 , 0.01839506172839506 , 0.008761539095723282 , 0 , 0 , 60.29270825875594
0.8 , 0.3941358024691358 , 0.39960196836687406 , 1 , 1 , 29.21248983578828
0.4 , 0.013580246913580247 , 0.005042042132488411 , 1 , 0 , 58.9974510455328
0.7 , 0.5546604938271605 , 0.5488555534558205 , 0 , 0 , 47.81922062648744
0.7 , 0.018919753086419754 , 0.0034829822380421207 , 1 , 1 , 28.46627271836219
0.0 , 0.15774691358024692 , 0.12433559109374202 , 0 , 1 , 47.549169878440175
0.6 , 0.021604938271604937 , 0.013055573853341143 , 0 , 1 , 29.509668635052627
0.1 , 0.4308641975308642 , 0.4160874192228201 , 0 , 1 , 47.329466264439844
0.9 , 0.7500925925925926 , 0.7829292987689179 , 1 , 1 , 26.607192654421972
0.4 , 0.012808641975308642 , 0.0036781512039724203 , 0 , 1 , 37.47757885143421
0.1 , 0.017037037037037038 , 0.0028926455289213266 , 0 , 1 , 44.7273642140352
0.2 , 0.007407407407407408 , 0.00190631914736416 , 1 , 0 , 64.47464010481403
0.0 , 0.17771604938271604 , 0.11163343895491878 , 0 , 1 , 47.07762290889767
0.8 , 0.019537037037037037 , 0.010608274903258328 , 0 , 1 , 22.530462857830187
1.0 , 0.21009259259259258 , 0.20000899375367578 , 1 , 0 , 44.153193518666434
0.4 , 0.017993827160493827 , 0.006855513635287943 , 1 , 0 , 57.99901872644833
0.0 , 0.8326234567901235 , 0.8442227805447424 , 1 , 0 , 68.56870148396771
0.1 , 0.01962962962962963 , 0.008219125145907218 , 0 , 1 , 45.05778625275179
0.6 , 0.04700617283950617 , 0.02553171324924902 , 1 , 0 , 52.70128310527705
0.3 , 0.01978395061728395 , 0.011727491396764348 , 1 , 1 , 40.596661465689465
0.6 , 0.17848765432098765 , 0.1568300588931966 , 0 , 1 , 30.386133749178708
0.0 , 0.013179012345679012 , 0.005995367804734318 , 1 , 1 , 46.79977083493665
0.0 , 0.022098765432098766 , 0.006502530389087701 , 1 , 1 , 49.55054855852835
0.7 , 0.011419753086419753 , 0.0033139707700018855 , 0 , 0 , 50.15319768872713
0.3 , 0.24981481481481482 , 0.19131777487933732 , 1 , 0 , 59.34084892193452
0.2 , 0.024012345679012347 , 0.017381078838649918 , 1 , 1 , 43.838661022347736
0.0 , 0.09842592592592593 , 0.09859406855739786 , 0 , 1 , 49.799214195932336
0.3 , 0.014537037037037038 , 0.004489048786248322 , 0 , 1 , 38.424419316084105
0.6 , 0.01993827160493827 , 0.005101466334936807 , 1 , 1 , 29.584891716654543
0.8 , 0.4943518518518519 , 0.3599113580482077 , 0 , 1 , 21.41651598670019
0.3 , 0.110679012345679 , 0.06955275737406438 , 0 , 0 , 59.434499861081655
0.3 , 0.01925925925925926 , 0.006863690502235099 , 0 , 1 , 39.83445928166074
0.7 , 0.24169753086419754 , 0.19754520141247672 , 0 , 1 , 28.185374649521496
0.9 , 0.3084567901234568 , 0.25448358113741953 , 0 , 1 , 23.65760617312341
1.0 , 0.015030864197530865 , 0.005137567907322159 , 0 , 0 , 40.91944399428797
0.0 , 0.019166666666666665 , 0.007154371572528486 , 0 , 1 , 49.57339195244754
0.2 , 0.08040123456790123 , 0.06659117809681071 , 0 , 1 , 43.881677153352044
1.0 , 0.7655555555555555 , 0.5384320678358965 , 1 , 0 , 35.8306868430954
0.4 , 0.23666666666666666 , 0.137125503536865 , 0 , 0 , 58.19641555773494
0.7 , 0.11953703703703704 , 0.08174927483562378 , 1 , 1 , 27.445628644194898
0.3 , 0.1732716049382716 , 0.12349501390871004 , 0 , 0 , 61.84545109129904
0.7 , 0.7583950617283951 , 0.7563295956797044 , 1 , 1 , 32.542687055584146
0.3 , 0.02117283950617284 , 0.012673262601828892 , 1 , 0 , 62.241725915122224
0.8 , 0.21861111111111112 , 0.19292574942105786 , 1 , 0 , 44.648472623265214
0.8 , 0.29376543209876543 , 0.2856562018432637 , 0 , 1 , 27.897359859807054
0.9 , 0.16274691358024693 , 0.16664187787307194 , 0 , 0 , 43.835203032904566
0.0 , 0.21074074074074073 , 0.2316014252307212 , 1 , 1 , 51.62013974872407
0.5 , 0.01638888888888889 , 0.005638035542144912 , 1 , 1 , 34.635299970935236
0.1 , 0.2808333333333333 , 0.26715682792748524 , 0 , 0 , 69.89456861029055
0.2 , 0.011666666666666667 , 0.0038362745657988325 , 0 , 1 , 42.08975595303781
0.4 , 0.734537037037037 , 0.6782686442755811 , 0 , 1 , 39.72829780246609
0.4 , 0.020092592592592592 , 0.004030901409421071 , 1 , 0 , 58.415815293479035
0.8 , 0.0044444444444444444 , 0.0019881689496838093 , 0 , 1 , 25.905045125579452
0.8 , 0.5992283950617284 , 0.4081484150543672 , 1 , 1 , 23.125792284295038
0.8 , 0.22475308641975308 , 0.17329323462368332 , 0 , 0 , 47.01301104544568
1.0 , 0.02419753086419753 , 0.014588965010904507 , 0 , 1 , 17.90435732253086
0.4 , 0.016419753086419752 , 0.005862052426140015 , 1 , 1 , 35.98278493362046
0.2 , 0.02 , 0.013898904909481164 , 0 , 0 , 64.41513706485757
0.6 , 0.9466666666666667 , 0.8828235894875792 , 0 , 0 , 57.18034582861464
0.7 , 0.004567901234567902 , 0.0006616809994695832 , 1 , 0 , 50.05799722153953
0.2 , 0.01712962962962963 , 0.010319229055989308 , 1 , 1 , 43.54983839009851
0.3 , 0.00595679012345679 , 0.0029812218959951882 , 1 , 0 , 61.38777438373463
0.0 , 0.9443518518518519 , 0.8660445654473472 , 0 , 1 , 46.0937235383721
0.0 , 0.6399382716049383 , 0.4366339518584211 , 0 , 0 , 64.9395625400971
0.4 , 0.01947530864197531 , 0.005956365846544763 , 0 , 1 , 37.98032021860484
0.9 , 0.5815123456790123 , 0.6264180900894759 , 0 , 0 , 45.515136930213785
1.0 , 0.02388888888888889 , 0.011141116074506224 , 1 , 1 , 19.943343695299014
0.6 , 0.2679012345679012 , 0.29647788981930273 , 0 , 1 , 29.685301454998825
0.6 , 0.017777777777777778 , 0.005386160610242121 , 1 , 0 , 50.8261924897094
0.3 , 0.1204320987654321 , 0.0932736099819646 , 1 , 0 , 61.728909319478475
0.9 , 0.01685185185185185 , 0.006256962222592477 , 1 , 0 , 43.736050490402285
0.0 , 0.2538888888888889 , 0.213196866145283 , 1 , 1 , 48.769989851461176
0.5 , 0.43444444444444447 , 0.33682952932597277 , 1 , 0 , 54.20951020648504
0.6 , 0.4300925925925926 , 0.4528652268909787 , 1 , 1 , 30.702130857338922
0.2 , 0.20342592592592593 , 0.14809539442452677 , 0 , 1 , 42.19839510399318
0.8 , 0.42919753086419754 , 0.41794083246368025 , 0 , 1 , 24.325328421687296
0.6 , 0.7407407407407407 , 0.6869661860397525 , 0 , 1 , 29.789218762178105
0.4 , 0.24481481481481482 , 0.30373479713438895 , 1 , 0 , 59.14194427884417
1.0 , 0.22728395061728396 , 0.19515742508138464 , 1 , 0 , 40.516876374996
0.1 , 0.0166358024691358 , 0.005574302031691031 , 0 , 0 , 67.13589200154047
0.4 , 0.18530864197530864 , 0.13598831342242046 , 1 , 1 , 36.53125367618995
0.1 , 0.011111111111111112 , 0.0026227079111547317 , 0 , 0 , 67.75522262686835
0.3 , 0.3341049382716049 , 0.25036308954520126 , 0 , 1 , 38.44616875356598
0.6 , 0.010617283950617284 , 0.002070241452859168 , 0 , 0 , 52.71718570973047
0.7 , 0.595925925925926 , 0.4023534051913873 , 0 , 0 , 47.2592019051355
0.7 , 0.010771604938271605 , 0.002510765308879073 , 0 , 1 , 27.19042937401401
0.0 , 0.011666666666666667 , 0.004171227886252586 , 1 , 0 , 70.71839244765579
0.1 , 0.01867283950617284 , 0.007311011816826444 , 0 , 1 , 46.268188452837464
0.9 , 0.014012345679012345 , 0.007705818122671247 , 0 , 1 , 23.954657861109563
0.6 , 0.017901234567901235 , 0.0141247941202619 , 0 , 0 , 50.88151430652299
0.0 , 0.26141975308641974 , 0.18464811070580914 , 1 , 0 , 69.88659273684047
0.4 , 0.7478703703703704 , 0.49415594669951596 , 0 , 0 , 49.660691568525515
0.5 , 0.009537037037037037 , 0.006097129324426236 , 1 , 1 , 33.464238623222165
0.6 , 0.264320987654321 , 0.2263559625347666 , 0 , 1 , 32.85590925770099
0.9 , 0.42342592592592593 , 0.32976582113193864 , 0 , 1 , 22.162763521554236
0.0 , 0.33253086419753086 , 0.2621105710714755 , 0 , 0 , 71.01771211755445
0.5 , 0.5975925925925926 , 0.5303545966995643 , 1 , 1 , 30.405926454990308
0.1 , 0.3786111111111111 , 0.40340646158571486 , 0 , 0 , 68.88446209826296
0.4 , 0.0907716049382716 , 0.08965661488616894 , 0 , 0 , 58.86945636009408
0.5 , 0.18641975308641975 , 0.13192203675082548 , 0 , 0 , 56.60191040489726
0.3 , 0.014876543209876544 , 0.0033176961450812116 , 1 , 1 , 39.50925475085808
0.8 , 0.01589506172839506 , 0.009667169551083807 , 0 , 0 , 46.35255359271573
0.1 , 0.3019753086419753 , 0.2091899043972281 , 1 , 1 , 47.47217442021714
0.0 , 0.20972222222222223 , 0.22416064692003854 , 0 , 0 , 70.5257992031453
0.6 , 0.24904320987654321 , 0.23265928862959426 , 1 , 0 , 52.61919003175613
0.2 , 0.4512654320987654 , 0.35990062178580456 , 1 , 1 , 38.91563955579221
0.2 , 0.6026851851851852 , 0.5886767903807301 , 1 , 1 , 40.84474837011498
0.6 , 0.07617283950617285 , 0.07755624079027504 , 0 , 1 , 32.43919687179376
0.5 , 0.8448148148148148 , 0.6176553680775325 , 0 , 1 , 32.73086373858915
0.0 , 0.017037037037037038 , 0.005709169243082277 , 0 , 0 , 69.06684914411284
0.8 , 0.09351851851851851 , 0.06522613027713715 , 0 , 1 , 24.289508017997104
0.1 , 0.1355246913580247 , 0.10147925103675318 , 1 , 1 , 44.783691983317524
0.2 , 0.01558641975308642 , 0.007497713602802097 , 1 , 0 , 65.8170001192198
1.0 , 0.22762345679012347 , 0.1724702883969634 , 1 , 1 , 19.233581674119872
0.4 , 0.18743827160493828 , 0.15441782347681893 , 0 , 0 , 60.128917235939795
0.5 , 0.18709876543209877 , 0.21871420739681163 , 0 , 0 , 55.68619554266885
0.0 , 0.015092592592592593 , 0.003984981198705922 , 1 , 0 , 70.3033526117668
0.6 , 0.01824074074074074 , 0.00849440380907248 , 0 , 0 , 52.32783385160836
0.7 , 0.014166666666666666 , 0.005210880223221428 , 1 , 0 , 48.86333683687619
0.6 , 0.24506172839506174 , 0.16849583218078673 , 0 , 0 , 52.06870257679286
1.0 , 0.01743827160493827 , 0.004636944234103902 , 1 , 0 , 40.94080104206263
0.4 , 0.002808641975308642 , 0.0005156653235628892 , 0 , 1 , 36.37197062974876
0.8 , 0.015277777777777777 , 0.004977239373148656 , 1 , 1 , 23.456099682045405
0.6 , 0.027839506172839507 , 0.008417038085478537 , 1 , 1 , 31.274455208813507
0.1 , 0.7959259259259259 , 0.9146075472339615 , 1 , 0 , 66.20803955445196
0.6 , 0.015524691358024692 , 0.0035128910485905233 , 0 , 0 , 50.99124269711993
0.1 , 0.11145061728395061 , 0.06130402532174056 , 0 , 0 , 65.87167087198604
0.2 , 0.01978395061728395 , 0.011396481041897685 , 1 , 1 , 41.470740397739384
0.1 , 0.01074074074074074 , 0.0025955395658840653 , 1 , 1 , 46.709408923264874
0.7 , 0.1706172839506173 , 0.15145487170368543 , 0 , 1 , 28.185893229606823
0.4 , 0.5845061728395061 , 0.5814876561411289 , 0 , 1 , 43.08716880892967
1.0 , 0.0179320987654321 , 0.005974870072980405 , 0 , 0 , 41.18601850404638
0.4 , 0.3503703703703704 , 0.2583093384785437 , 1 , 0 , 59.172639617982
0.5 , 0.010709876543209877 , 0.002888678841975521 , 1 , 0 , 56.665248612679086
0.8 , 0.01580246913580247 , 0.005460659176678001 , 1 , 0 , 46.64790688727961
0.9 , 0.00808641975308642 , 0.0018767230875181091 , 1 , 0 , 45.049039093240744
0.2 , 0.5531481481481482 , 0.5504272993089712 , 0 , 1 , 42.53681082311245
0.7 , 0.013518518518518518 , 0.00813807830882356 , 0 , 1 , 27.11753886466101
0.6 , 0.01271604938271605 , 0.0020983952437986487 , 1 , 0 , 50.88750394207048
0.0 , 0.023703703703703703 , 0.010567643416114814 , 1 , 1 , 49.37898746350254
0.8 , 0.010185185185185186 , 0.006292555051889454 , 0 , 1 , 26.577643284775483
0.0 , 0.48858024691358026 , 0.4247395450684229 , 1 , 0 , 68.03962479678302
0.1 , 0.4627777777777778 , 0.4607204584849885 , 1 , 0 , 70.23354021379872
0.4 , 0.8437962962962963 , 0.8174005365775573 , 1 , 1 , 37.33145524647312
0.8 , 0.022530864197530864 , 0.006384028763207958 , 0 , 1 , 24.645681777283038
0.8 , 0.0179320987654321 , 0.0036334739937858517 , 1 , 1 , 26.17526814363586
0.2 , 0.21179012345679013 , 0.20237157397868552 , 1 , 0 , 67.3136778088983
0.6 , 0.6091358024691358 , 0.47202317779320674 , 0 , 1 , 28.257523891061236
0.9 , 0.12141975308641975 , 0.07416740989988371 , 1 , 1 , 20.16232796783343
0.9 , 0.019228395061728396 , 0.009748109025674478 , 1 , 1 , 19.851945753521136
0.9 , 0.3405864197530864 , 0.4121890044096938 , 0 , 1 , 24.557600985308888
0.0 , 0.020277777777777777 , 0.005133029210021865 , 0 , 1 , 48.9286994632274
0.2 , 0.4748148148148148 , 0.3906724155413032 , 0 , 0 , 65.60567607605417
0.7 , 0.01972222222222222 , 0.01146613407365327 , 1 , 0 , 49.36388852719435
0.6 , 0.014537037037037038 , 0.004925136901728878 , 1 , 1 , 31.263001286459353
0.0 , 0.021388888888888888 , 0.006872073591152649 , 0 , 0 , 68.66151514236178
0.3 , 0.23175925925925925 , 0.18352981159650594 , 1 , 1 , 37.70747671211193
0.0 , 0.6695987654320987 , 0.6946352722471567 , 1 , 1 , 51.66382514130963
0.8 , 0.01839506172839506 , 0.007599450364511627 , 1 , 1 , 24.34465564384545
0.3 , 0.21253086419753087 , 0.13965012094242132 , 0 , 0 , 61.77242111358131
0.6 , 0.009166666666666667 , 0.0017582843152598923 , 0 , 1 , 30.419622395931246
0.6 , 0.520216049382716 , 0.44100559891004504 , 1 , 0 , 53.51383477073366
1.0 , 0.021882716049382717 , 0.007378579608626367 , 1 , 1 , 18.510139010909246
0.4 , 0.09746913580246913 , 0.05865073443094336 , 1 , 1 , 37.706171693229734
0.1 , 0.018919753086419754 , 0.005578052957874911 , 1 , 0 , 66.76745515888697
0.2 , 0.4276543209876543 , 0.308289452006673 , 1 , 1 , 40.18599378075875
0.7 , 0.5444753086419754 , 0.5549582334623319 , 0 , 1 , 26.260067911058794
0.9 , 0.01441358024691358 , 0.0038857099295795355 , 1 , 0 , 42.55367388684127
1.0 , 0.01756172839506173 , 0.005348473439036258 , 1 , 1 , 19.875227936331832
0.3 , 0.008364197530864198 , 0.0031793037257004902 , 1 , 1 , 41.01099050703401
0.1 , 0.185 , 0.15065199988146039 , 0 , 0 , 68.79890773710412
0.8 , 0.014012345679012345 , 0.005005509691212706 , 0 , 0 , 47.409171723855756
0.7 , 0.017777777777777778 , 0.010730896833467648 , 1 , 1 , 28.22149891549096
0.3 , 0.5799691358024691 , 0.5711617930187888 , 0 , 1 , 38.2778387243554
1.0 , 0.4569135802469136 , 0.4407815085437541 , 0 , 0 , 44.25969724205503
0.0 , 0.012098765432098766 , 0.0023096983290416596 , 1 , 0 , 68.92575148760618
0.2 , 0.008117283950617284 , 0.0024521214886339 , 0 , 1 , 42.80701181741046
1.0 , 0.007376543209876543 , 0.0013110972097564084 , 1 , 1 , 18.408994433298457
0.8 , 0.02101851851851852 , 0.007598665653476672 , 0 , 0 , 46.706375065079925
0.1 , 0.015679012345679012 , 0.0054997743883161195 , 0 , 0 , 67.53016845419896
0.1 , 0.1746604938271605 , 0.1416841550924975 , 0 , 1 , 46.79984775014495
0.3 , 0.010246913580246913 , 0.005641077851753481 , 1 , 1 , 38.62138978776045
1.0 , 0.008487654320987654 , 0.001737447982332542 , 1 , 1 , 17.88389227502403
0.0 , 0.020555555555555556 , 0.0044790734022003564 , 1 , 1 , 48.662716269462074
0.7 , 0.1930864197530864 , 0.1416107700666275 , 0 , 0 , 50.84272826072708
0.9 , 0.019382716049382714 , 0.0139775303297676 , 0 , 1 , 21.860188039592423
0.9 , 0.01950617283950617 , 0.007711794976042838 , 1 , 0 , 43.53920867149216
0.0 , 0.015277777777777777 , 0.00413677790247624 , 1 , 0 , 70.16711731925653
0.0 , 0.013827160493827161 , 0.008695372120472384 , 0 , 0 , 70.32559154111685
0.5 , 0.01950617283950617 , 0.009227722509783473 , 0 , 0 , 54.56516818357745
0.9 , 0.14055555555555554 , 0.10947290413091683 , 0 , 0 , 40.930818319005056
0.3 , 0.6753703703703704 , 0.5532801360322043 , 1 , 1 , 34.321252404302875
0.1 , 0.15382716049382716 , 0.11329363985827245 , 1 , 1 , 43.34952746723303
0.4 , 0.2881172839506173 , 0.28484860095398207 , 0 , 0 , 57.96615296660709
0.3 , 0.039907407407407405 , 0.03372111597072183 , 0 , 1 , 39.948748268427565
0.7 , 0.7932098765432098 , 0.5356703865813242 , 1 , 0 , 48.193485852765214
0.6 , 0.013641975308641975 , 0.007896612377503033 , 0 , 0 , 52.950797790253965
0.1 , 0.012808641975308642 , 0.0036863851772582167 , 1 , 1 , 44.23454076871703
0.3 , 0.018518518518518517 , 0.008889196398169302 , 1 , 0 , 61.561850887728234
0.2 , 0.019290123456790122 , 0.010755699401175212 , 0 , 1 , 41.58318404200867
0.9 , 0.015246913580246914 , 0.004968833041205895 , 1 , 0 , 44.54690401238361
0.0 , 0.2573765432098765 , 0.21872671469798124 , 1 , 1 , 46.71953686472989
0.6 , 0.018271604938271607 , 0.009203230658651558 , 0 , 0 , 52.035451393767495
0.6 , 0.7186111111111111 , 0.5601107719958411 , 0 , 1 , 27.357997434397095
0.1 , 0.0125 , 0.005211853286894962 , 1 , 1 , 43.79351272375177
0.0 , 0.49944444444444447 , 0.4242766217588791 , 1 , 1 , 50.34635709260582
0.1 , 0.16175925925925927 , 0.14731463198570782 , 0 , 1 , 44.98951516390654
0.9 , 0.25469135802469134 , 0.307260421431936 , 1 , 1 , 25.158520824221654
0.3 , 0.01654320987654321 , 0.007801089352175973 , 1 , 1 , 40.52639901231563
0.1 , 0.022222222222222223 , 0.008838375841902552 , 0 , 0 , 66.39749403656438
1.0 , 0.020030864197530866 , 0.007322164264280937 , 1 , 1 , 17.57945521434287
0.1 , 0.06907407407407408 , 0.05557630144907939 , 0 , 1 , 44.70086625715822
0.3 , 0.3039197530864198 , 0.2161628270609621 , 0 , 0 , 61.24327754217788
1.0 , 0.012006172839506174 , 0.0053319243820844665 , 1 , 1 , 20.309998727221547
0.1 , 0.29617283950617285 , 0.31233125540430023 , 0 , 1 , 46.2254789407734
0.0 , 0.036265432098765434 , 0.01526152155249386 , 0 , 0 , 71.05749247654765
0.7 , 0.01138888888888889 , 0.002879856096903796 , 0 , 0 , 48.78847394820552
0.9 , 0.21854938271604937 , 0.17386421357136597 , 1 , 1 , 19.34338316302611
0.4 , 0.7269753086419753 , 0.6410400838670537 , 1 , 1 , 35.77584237433723
0.0 , 0.019598765432098767 , 0.005171296928388364 , 0 , 1 , 48.85995937862903
0.9 , 0.01845679012345679 , 0.00818992573192032 , 1 , 0 , 42.76312962919146
0.7 , 0.3542592592592593 , 0.3060779656399054 , 0 , 1 , 27.59105086807967
0.8 , 0.02484567901234568 , 0.01075010400797466 , 0 , 1 , 24.541634029303232
0.8 , 0.011728395061728396 , 0.005323824746085735 , 1 , 0 , 47.810744595690856
0.7 , 0.22228395061728395 , 0.198803924505629 , 1 , 0 , 50.13365320667474
0.7 , 0.012469135802469136 , 0.003588712557818074 , 1 , 0 , 47.586413495613186
0.0 , 0.17265432098765432 , 0.12102461489212096 , 0 , 1 , 45.865296729278896
1.0 , 0.35734567901234565 , 0.29819428056543706 , 1 , 0 , 39.94395732562827
0.9 , 0.09598765432098766 , 0.04577936963443388 , 0 , 1 , 21.59878883074697
0.3 , 0.023425925925925926 , 0.009176589531240655 , 0 , 0 , 60.79897163582335
0.6 , 0.01308641975308642 , 0.007604764045382005 , 1 , 1 , 30.574656764719098
0.7 , 0.021512345679012345 , 0.004724325201067189 , 1 , 0 , 48.11141825318864
0.7 , 0.12907407407407406 , 0.13582984918125193 , 1 , 1 , 27.64383494754427
0.9 , 0.01814814814814815 , 0.008768920890182266 , 1 , 1 , 21.576898017118374
0.2 , 0.49839506172839504 , 0.4119773480375808 , 0 , 0 , 64.11471984969164
0.2 , 0.007438271604938272 , 0.002364124490120541 , 0 , 0 , 64.97409602887384
0.8 , 0.2849382716049383 , 0.26393334794830564 , 1 , 1 , 22.401909791842915
0.9 , 0.30574074074074076 , 0.3247543854985509 , 1 , 1 , 23.60827580758877
0.2 , 0.8437654320987654 , 0.9068436028576626 , 0 , 0 , 69.77183385057397
0.9 , 0.012314814814814815 , 0.003492181863922575 , 1 , 0 , 42.53396458038286
0.7 , 0.4901234567901235 , 0.4105120570079787 , 1 , 1 , 26.04765314631832
0.8 , 0.4599382716049383 , 0.41801068030790284 , 1 , 0 , 44.285238918044094
0.7 , 0.3280246913580247 , 0.3315750869881858 , 1 , 0 , 48.52103617771254
0.4 , 0.010401234567901235 , 0.002521094575728001 , 0 , 1 , 35.191054277222314
0.5 , 0.01558641975308642 , 0.01051421201133785 , 0 , 1 , 34.58261982099236
0.8 , 0.1362962962962963 , 0.09974812598647007 , 0 , 1 , 23.35999572722708
0.4 , 0.01993827160493827 , 0.009040360158762596 , 0 , 1 , 34.91063073750184
0.8 , 0.022901234567901236 , 0.010385029729430895 , 1 , 0 , 46.26438399094094
0.1 , 0.01601851851851852 , 0.004590898514380785 , 0 , 0 , 67.49730716588573
0.5 , 0.10367283950617284 , 0.09841363226957449 , 1 , 1 , 33.9015289531993
1.0 , 0.015123456790123457 , 0.004486656518997773 , 0 , 1 , 20.283703191399272
0.7 , 0.008425925925925925 , 0.0022226833240072555 , 1 , 0 , 49.518530258453616
0.6 , 0.5039814814814815 , 0.41586584354340034 , 1 , 1 , 30.62084109535031
0.6 , 0.012685185185185185 , 0.009722761021470008 , 0 , 1 , 31.18692085364234
0.1 , 0.02388888888888889 , 0.0087188738258241 , 1 , 0 , 67.99264017609892
0.2 , 0.30367283950617285 , 0.23697546791228402 , 0 , 0 , 62.90719965509673
0.6 , 0.022746913580246914 , 0.01385242878514528 , 0 , 0 , 53.598684273458055
0.1 , 0.021296296296296296 , 0.008941729359067856 , 1 , 1 , 44.402051903984855
0.0 , 0.12320987654320988 , 0.11874270413231945 , 0 , 1 , 47.18186294677603
0.5 , 0.6048456790123456 , 0.5506903851034171 , 1 , 0 , 57.64213724428559
0.1 , 0.2106172839506173 , 0.26201264697912824 , 1 , 1 , 49.052330837694704
0.2 , 0.014012345679012345 , 0.00785043460451381 , 0 , 0 , 63.79495804429447
0.2 , 0.010185185185185186 , 0.0023654420369161756 , 0 , 0 , 64.1624644500641
0.2 , 0.0022530864197530865 , 0.0005098469938290313 , 1 , 0 , 65.16059500655524
0.1 , 0.08712962962962963 , 0.09331559660379507 , 1 , 1 , 44.27727871675488
0.2 , 0.5401851851851852 , 0.4997314505185284 , 1 , 1 , 44.14873074229206
0.7 , 0.017006172839506173 , 0.0070335724145229326 , 1 , 1 , 26.381538704294705
0.9 , 0.013271604938271606 , 0.005586814528897746 , 0 , 1 , 22.05205184517216
0.9 , 0.01712962962962963 , 0.008882676980262847 , 1 , 0 , 41.85600046383121
1.0 , 0.009567901234567902 , 0.004132768905513337 , 1 , 1 , 19.663124499878577
0.7 , 0.16197530864197532 , 0.09480169518589464 , 1 , 1 , 26.809838370224504
0.5 , 0.4093827160493827 , 0.31385601916349953 , 0 , 1 , 33.19846761138543
0.1 , 0.6193518518518518 , 0.46101729640428 , 0 , 1 , 41.83950445738533
0.0 , 0.02080246913580247 , 0.009262314488012168 , 1 , 1 , 48.98956994328865
0.8 , 0.018518518518518517 , 0.006086056055417193 , 0 , 1 , 23.0360115790013
0.3 , 0.2875308641975309 , 0.23280241893338185 , 0 , 1 , 37.98848844205019
0.3 , 0.41833333333333333 , 0.35926674310599027 , 0 , 1 , 41.54155411695826
0.1 , 0.006265432098765432 , 0.0022358651849839575 , 0 , 1 , 46.645873911441186
0.9 , 0.009074074074074075 , 0.004974754594430199 , 0 , 0 , 43.57549653122442
0.8 , 0.8270679012345679 , 0.5902688566108572 , 0 , 1 , 21.841241094424007
0.9 , 0.027098765432098767 , 0.008417882786844733 , 1 , 1 , 20.809405548006747
0.9 , 0.019074074074074073 , 0.00824332381754926 , 1 , 1 , 21.076717660933156
1.0 , 0.017037037037037038 , 0.004372318526575116 , 0 , 1 , 18.62348699023116
0.0 , 0.034166666666666665 , 0.014579086321585954 , 0 , 0 , 68.76513686695286
0.8 , 0.09364197530864198 , 0.09158701881730515 , 1 , 1 , 26.46396911287209
1.0 , 0.27382716049382716 , 0.24671460819189892 , 1 , 0 , 38.7769990394763
1.0 , 0.19993827160493827 , 0.1537132862126537 , 0 , 0 , 42.490970724821636
0.6 , 0.19833333333333333 , 0.19585506130251829 , 1 , 1 , 31.636423812595975
0.7 , 0.0120679012345679 , 0.009015271679949505 , 1 , 1 , 28.499661596227615
0.2 , 0.0275 , 0.012587973310070893 , 0 , 1 , 43.59246696562245
0.9 , 0.012345679012345678 , 0.0020479898451807193 , 0 , 0 , 42.82026891384298
0.2 , 0.02058641975308642 , 0.00852795140468506 , 1 , 1 , 41.40283780965537
0.3 , 0.009598765432098765 , 0.0015879988401367453 , 0 , 0 , 61.632292592808234
0.2 , 0.01037037037037037 , 0.005703861149661357 , 1 , 0 , 63.95738066596498
0.9 , 0.008179012345679013 , 0.002368000169790578 , 0 , 1 , 19.278143899680085
0.1 , 0.024506172839506173 , 0.010656495935164514 , 0 , 1 , 43.94275007547949
0.3 , 0.21216049382716048 , 0.17949573643029004 , 0 , 0 , 59.42133907151742
1.0 , 0.40209876543209877 , 0.3008485828335085 , 1 , 1 , 18.17579446114856
0.5 , 0.43209876543209874 , 0.3440850472341028 , 1 , 0 , 54.43250742207161
0.2 , 0.023796296296296298 , 0.012250471062065565 , 0 , 1 , 43.299621058236745
0.5 , 0.013518518518518518 , 0.00602825973083339 , 1 , 1 , 32.565232749760156
0.7 , 0.6617901234567901 , 0.4475478906644795 , 1 , 0 , 44.0807554155203
0.9 , 0.46166666666666667 , 0.48741538208650975 , 1 , 0 , 44.32051289919177
0.1 , 0.5052777777777778 , 0.42583790332481397 , 0 , 0 , 69.72227708890448
0.1 , 0.6895061728395062 , 0.755880350569817 , 0 , 0 , 76.49208476251079
1.0 , 0.015061728395061728 , 0.0055300725664110305 , 1 , 1 , 19.40811026835715
0.4 , 0.3785802469135802 , 0.36408834676853924 , 0 , 0 , 56.20325704270087
0.9 , 0.013672839506172839 , 0.007424293164547207 , 0 , 1 , 23.701215610806194
0.6 , 0.020401234567901234 , 0.013428187176015266 , 1 , 0 , 50.373942621075386
0.0 , 0.01734567901234568 , 0.004951521237379234 , 1 , 0 , 68.54601887090648
0.5 , 0.018518518518518517 , 0.009149101028413965 , 0 , 1 , 34.307125303220595
0.5 , 0.5249691358024692 , 0.521010674870431 , 1 , 1 , 38.311205412347356
0.6 , 0.013179012345679012 , 0.0055382897890224915 , 0 , 1 , 29.960150813603793
0.1 , 0.5546604938271605 , 0.48084988538856127 , 0 , 1 , 48.58869126690128
1.0 , 0.1617901234567901 , 0.11603884916794137 , 0 , 1 , 17.66246766471939
0.8 , 0.009660493827160494 , 0.0027744340314802946 , 1 , 0 , 45.94978754314036
0.6 , 0.4318518518518519 , 0.3221993195110756 , 1 , 0 , 51.01396010270538
0.2 , 0.01867283950617284 , 0.006777889923922862 , 0 , 1 , 43.19091847639414
0.7 , 0.010648148148148148 , 0.002441147385998602 , 0 , 1 , 26.488901479535564
0.9 , 0.018302469135802468 , 0.007388760464447317 , 1 , 0 , 43.98967802233734
0.9 , 0.013395061728395061 , 0.011515875429446765 , 0 , 1 , 20.88188759670583
0.2 , 0.012006172839506174 , 0.0077091454262551646 , 0 , 0 , 65.71429059892658
0.0 , 0.058209876543209874 , 0.049600131974314406 , 0 , 1 , 50.12086970773096
1.0 , 0.02132716049382716 , 0.014504857929659163 , 1 , 1 , 16.899839132573426
0.0 , 0.012407407407407407 , 0.00450042698301547 , 1 , 0 , 70.26327253139777
0.3 , 0.006080246913580247 , 0.0020496273990829707 , 0 , 0 , 61.346245585484795
0.2 , 0.011975308641975308 , 0.0024801075807587645 , 0 , 0 , 65.84285004862006
0.4 , 0.3519753086419753 , 0.37932204645948875 , 1 , 0 , 64.44275880506409
0.7 , 0.21583333333333332 , 0.20340660044244652 , 1 , 0 , 48.70020260522456
1.0 , 0.2822530864197531 , 0.1921188587136736 , 0 , 1 , 15.742777793284619
0.5 , 0.025493827160493827 , 0.009686238684733077 , 1 , 1 , 33.08340863512285
0.3 , 0.012808641975308642 , 0.003508084541845859 , 1 , 1 , 40.01087475259471
0.9 , 0.37410493827160496 , 0.4203838856434763 , 0 , 1 , 21.333329704777185
0.5 , 0.2358641975308642 , 0.15637168691222253 , 0 , 0 , 53.79641305648553
0.9 , 0.4314506172839506 , 0.41560478197115835 , 1 , 0 , 43.05775412298793
1.0 , 0.018518518518518517 , 0.00585285380147361 , 1 , 0 , 41.2004461226288
0.5 , 0.0062037037037037035 , 0.003694885851255838 , 0 , 0 , 56.31834648817049
0.8 , 0.08555555555555555 , 0.0734562441105609 , 0 , 1 , 26.30025206811003
0.3 , 0.25719135802469134 , 0.30624504521446233 , 1 , 1 , 43.00811389337774
0.2 , 0.4426851851851852 , 0.3028462804039753 , 1 , 0 , 63.011936297713156
0.8 , 0.005154320987654321 , 0.0007958947405186178 , 0 , 1 , 24.365572284435824
1.0 , 0.35012345679012347 , 0.3277093076465301 , 0 , 0 , 43.30748265303741
0.7 , 0.2837345679012346 , 0.2942843039772215 , 1 , 1 , 31.26537036389014
0.8 , 0.014074074074074074 , 0.0063916144249247415 , 1 , 0 , 46.79174957254739
0.2 , 0.42141975308641977 , 0.38774397156071966 , 1 , 1 , 43.290213305872875
1.0 , 0.05117283950617284 , 0.036567763663640986 , 0 , 1 , 20.277350180785795
0.0 , 0.017808641975308643 , 0.013029496146935418 , 0 , 0 , 70.69146143719583
0.8 , 0.015339506172839506 , 0.003951061000516917 , 1 , 1 , 24.268816033005972
1.0 , 0.4532407407407407 , 0.4823180521366838 , 0 , 0 , 40.97165948412002
0.0 , 0.49311728395061727 , 0.3385009867270038 , 0 , 1 , 45.907512338963194
1.0 , 0.012006172839506174 , 0.003625746217995567 , 1 , 1 , 16.47220686220733
0.9 , 0.3000308641975309 , 0.28062629361799224 , 1 , 0 , 45.2364902874193
0.5 , 0.8196913580246914 , 0.6294072949059116 , 1 , 0 , 55.183897025986674
0.4 , 0.017746913580246913 , 0.00836811521340264 , 0 , 0 , 57.75544521956838
0.5 , 0.0270679012345679 , 0.019731836257380602 , 1 , 1 , 32.59019005559417
0.4 , 0.1441358024691358 , 0.0930544914731933 , 0 , 1 , 35.30867263750587
0.0 , 0.16256172839506172 , 0.2095199713384276 , 1 , 0 , 71.32204852941923
0.9 , 0.01685185185185185 , 0.006261007604190138 , 1 , 1 , 21.676594302014713
0.4 , 0.3910493827160494 , 0.40979038957734193 , 0 , 0 , 61.305452992169215
0.1 , 0.013919753086419753 , 0.003493212906267737 , 0 , 1 , 46.75465368471789
0.6 , 0.01867283950617284 , 0.01199022104110806 , 0 , 0 , 51.79545861756915
0.4 , 0.28824074074074074 , 0.29640619525608747 , 1 , 0 , 56.46011551041145
0.9 , 0.1737962962962963 , 0.13764348258177841 , 1 , 0 , 45.77873027145958
0.5 , 0.0125 , 0.003295836381342815 , 0 , 1 , 32.88374618261114
0.5 , 0.22234567901234567 , 0.17420818778554717 , 0 , 1 , 32.32885817733672
0.8 , 0.028765432098765434 , 0.012330291526405019 , 0 , 0 , 45.840983270552876
0.6 , 0.697283950617284 , 0.425893001752412 , 0 , 1 , 29.620234037504805
0.8 , 0.0183641975308642 , 0.006892369391293745 , 0 , 1 , 24.98016154890699
1.0 , 0.012469135802469136 , 0.005228825205563085 , 1 , 1 , 17.422502175999803
0.9 , 0.06305555555555556 , 0.0535539436518393 , 1 , 0 , 43.95045386723346
0.1 , 0.49123456790123454 , 0.35733410243806796 , 1 , 0 , 64.67718219942154
0.2 , 0.005679012345679012 , 0.0009436365884154522 , 1 , 0 , 63.34177722253972
1.0 , 0.014290123456790123 , 0.006308920824197862 , 0 , 1 , 18.631588677287702
0.7 , 0.009907407407407408 , 0.005566339333022109 , 0 , 1 , 28.280411870243388
0.5 , 0.19037037037037038 , 0.15433780321691046 , 0 , 1 , 33.301570563173335
0.0 , 0.22320987654320987 , 0.261439941924984 , 1 , 0 , 71.88154685505062
0.6 , 0.05401234567901234 , 0.023858136679364057 , 1 , 1 , 30.300767242756834
0.8 , 0.6278086419753086 , 0.6083152925045927 , 1 , 1 , 21.81567747000815
0.1 , 0.020771604938271605 , 0.005368197078982726 , 0 , 0 , 66.72052156923122
0.9 , 0.09830246913580247 , 0.06612236751202058 , 0 , 1 , 20.702381887663247
0.6 , 0.19194444444444445 , 0.12745394843230962 , 0 , 1 , 30.181171382665656
0.0 , 0.02484567901234568 , 0.008789277276839008 , 0 , 0 , 69.39397098078294
0.0 , 0.01580246913580247 , 0.0026475015977904842 , 1 , 0 , 70.98187310372093
0.6 , 0.027623456790123457 , 0.010963221413340524 , 0 , 0 , 51.652863914815896
1.0 , 0.5884876543209877 , 0.5996349566110036 , 0 , 1 , 17.042210077733397
0.1 , 0.017006172839506173 , 0.010312865724862914 , 0 , 1 , 44.41113825892097
0.3 , 0.21567901234567902 , 0.19145574693148062 , 1 , 1 , 39.59323103150833
0.7 , 0.2829938271604938 , 0.284989266204496 , 0 , 1 , 32.1028349185702
0.9 , 0.09435185185185185 , 0.05526745368192814 , 0 , 1 , 21.518743475942806
0.9 , 0.37320987654320986 , 0.39813242511742686 , 0 , 1 , 21.6564034092928
0.4 , 0.00808641975308642 , 0.0052454820956607294 , 0 , 1 , 35.359535054042865
0.5 , 0.30614197530864196 , 0.21824639125292358 , 0 , 1 , 34.65020031787092
0.3 , 0.017777777777777778 , 0.011408397530784362 , 1 , 1 , 41.125266180519354
0.0 , 0.5410802469135803 , 0.7168748956593346 , 0 , 0 , 76.14652523037807
0.5 , 0.01601851851851852 , 0.010089224405102465 , 1 , 0 , 56.39718512666345
0.6 , 0.015432098765432098 , 0.007871457659342685 , 0 , 0 , 52.78255429263147
0.3 , 0.2917283950617284 , 0.16560488006141552 , 1 , 1 , 37.7017340036366
0.1 , 0.014845679012345679 , 0.0029851193381903976 , 1 , 1 , 46.380695062594135
0.0 , 0.277037037037037 , 0.22091337055960358 , 1 , 1 , 50.5133269400598
0.9 , 0.024907407407407406 , 0.015101142354984456 , 1 , 0 , 44.72099710875819
0.7 , 0.3035185185185185 , 0.2980303073529143 , 1 , 0 , 48.226234024280565
0.5 , 0.2406172839506173 , 0.2516227762070216 , 0 , 1 , 35.13318308545491
0.6 , 0.31910493827160497 , 0.3584085831169265 , 1 , 0 , 55.7253759713926
1.0 , 0.01839506172839506 , 0.0067373438778962355 , 1 , 0 , 41.18080145847481
0.2 , 0.1216358024691358 , 0.07668734959264685 , 1 , 1 , 42.393398768191076
0.9 , 0.010308641975308641 , 0.0030312646045449624 , 0 , 1 , 19.888072651899115
0.8 , 0.4351851851851852 , 0.39749776784617474 , 1 , 1 , 25.18676601402244
1.0 , 0.20157407407407407 , 0.2129521349365942 , 0 , 0 , 40.366812076379034
0.3 , 0.5823148148148148 , 0.47133516200345643 , 1 , 1 , 34.27647368687634
0.3 , 0.021790123456790125 , 0.008387582199011524 , 0 , 1 , 40.35576270399612
0.0 , 0.7144135802469136 , 0.6042588699613219 , 1 , 0 , 74.24992421730711
0.3 , 0.1330864197530864 , 0.07434283462244758 , 1 , 1 , 39.61415868384444
0.5 , 0.020339506172839507 , 0.007566310316846272 , 1 , 1 , 33.312118880249216
0.5 , 0.3696604938271605 , 0.3183504173802957 , 0 , 1 , 33.897699249141404
0.4 , 0.6028395061728395 , 0.5432537772742595 , 1 , 0 , 59.05440317987624
0.9 , 0.012283950617283951 , 0.006134102505168014 , 0 , 0 , 43.796426438660255
0.6 , 1.0579012345679013 , 0.8004454486632298 , 1 , 0 , 49.404567896418236
0.5 , 0.2837345679012346 , 0.2349611518809412 , 1 , 1 , 32.517543881664714
0.4 , 0.4200925925925926 , 0.5067528694421428 , 0 , 1 , 38.89359395953008
0.0 , 0.20027777777777778 , 0.15113175436031218 , 0 , 0 , 69.64694027748051
0.6 , 0.014290123456790123 , 0.003959461562354716 , 0 , 1 , 31.951303094425914
1.0 , 0.015185185185185185 , 0.0065908402371791875 , 0 , 1 , 19.138857028303192
0.7 , 0.01493827160493827 , 0.007839911431149284 , 1 , 1 , 27.5696949952703
0.7 , 0.3470987654320988 , 0.30266978153443674 , 1 , 1 , 29.658429503367945
0.8 , 0.006111111111111111 , 0.001723249433139843 , 0 , 1 , 24.280059737017943
1.0 , 0.4167901234567901 , 0.39074523533715966 , 1 , 1 , 22.95150478019295
0.9 , 0.44496913580246916 , 0.3280119968425458 , 1 , 0 , 44.23454216138326
0.9 , 0.015185185185185185 , 0.005047714818742877 , 0 , 1 , 20.068641427306748
0.7 , 0.5037962962962963 , 0.3023507708598463 , 0 , 1 , 24.122023624289106
0.5 , 0.019444444444444445 , 0.013023105233647329 , 0 , 1 , 34.25778940660066
0.6 , 0.36780864197530866 , 0.3252997488491226 , 1 , 1 , 30.16939716473041
0.5 , 0.021635802469135802 , 0.008941965458373816 , 0 , 1 , 34.781880461496286
0.2 , 0.21734567901234567 , 0.17999612443892662 , 0 , 1 , 42.63797578408497
0.5 , 0.2384567901234568 , 0.16668731943394613 , 1 , 1 , 32.24783873517149
0.3 , 0.018549382716049383 , 0.011449450936362364 , 0 , 0 , 62.645454109976484
0.3 , 0.026851851851851852 , 0.006969772635478158 , 1 , 0 , 61.13659348636672
0.3 , 0.2317283950617284 , 0.30187021889369675 , 1 , 0 , 63.80485243450268
1.0 , 0.0066049382716049385 , 0.0012813119390287847 , 0 , 0 , 41.097701108799875
0.4 , 0.01910493827160494 , 0.009144191302480313 , 0 , 0 , 57.959809751136994
0.0 , 0.3700925925925926 , 0.2965602151586898 , 0 , 1 , 44.396282929919124
0.0 , 0.007901234567901235 , 0.0017892071011589544 , 0 , 0 , 71.13945840792609
0.4 , 0.30561728395061727 , 0.39905053701526233 , 0 , 1 , 40.102340764381196
0.5 , 0.05848765432098765 , 0.04131898419750206 , 0 , 1 , 32.747221329904406
0.7 , 0.26385802469135805 , 0.19910218732116416 , 0 , 1 , 28.556707919443998
0.0 , 0.37493827160493826 , 0.41300820978221714 , 0 , 1 , 52.42599392439876
0.1 , 0.7042283950617284 , 0.6090162377804145 , 0 , 0 , 71.96786373815185
0.2 , 0.01493827160493827 , 0.0033286212170021774 , 0 , 1 , 43.64510526175966
0.4 , 0.022469135802469137 , 0.007640146768136531 , 0 , 0 , 59.58962445791624
0.8 , 0.5772222222222222 , 0.5742727346061034 , 1 , 1 , 27.888330295889897
0.8 , 0.016512345679012344 , 0.009709989983851827 , 0 , 0 , 45.353352061481175
0.8 , 0.4886111111111111 , 0.35534557066088457 , 1 , 1 , 22.784149179399208
0.9 , 0.08922839506172839 , 0.06675940266771309 , 0 , 0 , 42.66161128770178
0.7 , 0.010123456790123457 , 0.004967922935562367 , 1 , 0 , 47.54037852597113
0.0 , 0.13824074074074075 , 0.08878523087412077 , 1 , 0 , 71.03616340484949
0.8 , 0.14277777777777778 , 0.16082464905662258 , 1 , 1 , 27.87720507165493
1.0 , 0.017777777777777778 , 0.007657357671058714 , 1 , 1 , 20.611894944589597
0.3 , 0.012746913580246913 , 0.0029325264981350484 , 1 , 1 , 40.366748276658434
0.7 , 0.018703703703703705 , 0.010480509757929671 , 1 , 1 , 26.836148939825538
0.2 , 0.20876543209876544 , 0.2277039387334143 , 0 , 0 , 65.22094662070445
0.8 , 0.254320987654321 , 0.29894136226283374 , 0 , 1 , 28.125769559735016
1.0 , 0.2842283950617284 , 0.261850316082266 , 0 , 0 , 41.12207499937469
0.3 , 0.2659567901234568 , 0.19300662886898257 , 0 , 0 , 62.86442920285692
0.9 , 0.015493827160493827 , 0.005913776065091482 , 1 , 1 , 21.97642749048243
0.0 , 0.01589506172839506 , 0.00794116056801504 , 1 , 1 , 48.2135856024041
0.7 , 0.1679320987654321 , 0.1178146020259482 , 1 , 0 , 46.62863601928483
0.7 , 0.48061728395061726 , 0.4592856211771252 , 1 , 0 , 47.54642747884053
1.0 , 0.8196604938271604 , 0.7047977082826293 , 1 , 0 , 36.4279052701872
0.3 , 0.007345679012345679 , 0.0010372750392871302 , 0 , 0 , 60.44230256923537
0.9 , 0.009228395061728395 , 0.0014332137387288552 , 1 , 0 , 43.35884604323045
0.8 , 0.006141975308641976 , 0.004137709179805642 , 0 , 0 , 48.151472721966776
0.8 , 0.029074074074074075 , 0.01040185731997522 , 1 , 1 , 25.176372200444085
0.9 , 0.365679012345679 , 0.4105791643715409 , 0 , 1 , 25.47460242816336
0.0 , 0.19993827160493827 , 0.19221197715717672 , 1 , 0 , 72.23681302725589
0.2 , 0.008518518518518519 , 0.0023639371311652163 , 1 , 1 , 42.398646455579716
0.5 , 0.7505864197530864 , 0.590148408887775 , 1 , 1 , 32.25177553018115
1.0 , 0.6508333333333334 , 0.5415029476111948 , 0 , 1 , 16.373154237766656
0.2 , 0.017006172839506173 , 0.005435285786266937 , 0 , 0 , 65.11572631323662
0.2 , 0.0183641975308642 , 0.010007673193586997 , 1 , 0 , 64.05493834887338
0.3 , 0.6399074074074074 , 0.5510398372741803 , 0 , 1 , 43.904839817883826
0.0 , 0.018333333333333333 , 0.014091544329417846 , 0 , 0 , 71.78093356376193
0.3 , 0.8307407407407408 , 0.6669057131109213 , 1 , 0 , 62.98725915633385
0.4 , 0.032962962962962965 , 0.014538530314261866 , 0 , 0 , 59.60765018745945
0.4 , 0.0175 , 0.005900255098338208 , 0 , 1 , 36.94387118579271
0.3 , 0.010493827160493827 , 0.003862073304491431 , 0 , 1 , 40.828374738088435
0.1 , 0.013981481481481482 , 0.007563912565681989 , 0 , 1 , 44.48092178892725
0.9 , 0.5027160493827161 , 0.5123737792903509 , 0 , 1 , 20.973371710412387
0.9 , 0.007592592592592593 , 0.002242924431539224 , 1 , 0 , 45.28061499269513
0.1 , 0.015339506172839506 , 0.004416250746194945 , 1 , 1 , 45.17763616950461
0.9 , 0.9623456790123457 , 0.8332209937874927 , 0 , 1 , 15.39010501940459
0.4 , 0.14234567901234568 , 0.09866445390270703 , 0 , 0 , 57.37516289760087
0.1 , 0.4320679012345679 , 0.442989543831135 , 1 , 1 , 50.15982468350363
0.8 , 0.01861111111111111 , 0.008292731945354612 , 0 , 0 , 45.736183450865155
0.7 , 0.014814814814814815 , 0.004171581625802087 , 1 , 0 , 48.22207044269112
0.7 , 0.014197530864197531 , 0.003369844529044007 , 0 , 0 , 48.5471448468553
0.1 , 0.01441358024691358 , 0.003819921020472801 , 1 , 1 , 46.4699267587393
0.5 , 0.20549382716049383 , 0.21356204545530227 , 1 , 1 , 33.81703244370433
0.9 , 0.018117283950617284 , 0.00465770591816068 , 1 , 0 , 45.469008749223924
0.2 , 0.018302469135802468 , 0.005108833947235455 , 0 , 1 , 41.614434388862044
1.0 , 0.018796296296296297 , 0.009441716092627738 , 1 , 1 , 17.671611609243236
0.1 , 0.02021604938271605 , 0.009419029507189555 , 1 , 0 , 66.27714316659488
0.3 , 0.018858024691358024 , 0.007686558474712144 , 1 , 0 , 60.77113076326438
0.8 , 0.020092592592592592 , 0.007544363952322879 , 0 , 0 , 47.15567181652055
0.7 , 0.030123456790123456 , 0.01594018575026725 , 1 , 1 , 28.041463495778796
0.8 , 0.5559259259259259 , 0.46008977896461023 , 0 , 1 , 27.27859224018919
1.0 , 0.01925925925925926 , 0.006775820994210195 , 1 , 1 , 17.228656196671
0.1 , 0.319320987654321 , 0.2412265732892711 , 0 , 1 , 47.95946201698538
0.6 , 0.012592592592592593 , 0.0027053071165125493 , 0 , 0 , 50.09727547755267
0.8 , 0.3770679012345679 , 0.40942722716017604 , 0 , 1 , 27.823445763179283
0.8 , 0.006913580246913581 , 0.0013135426225929976 , 0 , 1 , 24.40654213666464
0.4 , 0.01287037037037037 , 0.004191902932087851 , 0 , 1 , 34.8276497966551
1.0 , 0.009351851851851853 , 0.0056199781826491045 , 1 , 1 , 17.31310909845341
0.1 , 0.19790123456790124 , 0.16355596023648322 , 0 , 0 , 67.20381822845644
0.3 , 0.018209876543209876 , 0.005665702899325407 , 1 , 1 , 38.68278551408734
0.7 , 0.013703703703703704 , 0.009879043012144964 , 1 , 1 , 27.294676455014404
0.6 , 0.215 , 0.17349312381007756 , 1 , 0 , 54.645697441701124
0.6 , 0.023580246913580245 , 0.0123709758276849 , 1 , 1 , 30.5613655751542
0.8 , 0.005246913580246914 , 0.0008193052348268731 , 0 , 0 , 46.081021002545796
0.1 , 0.4478086419753086 , 0.5956648960038823 , 1 , 0 , 68.3910675503883
0.8 , 0.19209876543209878 , 0.19109379493034484 , 1 , 1 , 24.76522662552419
0.6 , 0.004290123456790124 , 0.0008022015181737662 , 0 , 0 , 54.12231032109158
0.2 , 0.18064814814814814 , 0.1398903467125288 , 1 , 1 , 41.76555240640498
0.9 , 0.017901234567901235 , 0.005326225467055896 , 0 , 0 , 43.2256309153955
0.6 , 0.2454320987654321 , 0.2900577713541751 , 1 , 1 , 32.22789971998863
0.9 , 0.020925925925925924 , 0.009664370580172391 , 0 , 0 , 45.0478086234048
0.3 , 0.040462962962962964 , 0.01379286923477339 , 1 , 0 , 62.127881101531344
0.9 , 0.0033024691358024692 , 0.0009572688326532767 , 0 , 0 , 44.645042117279
0.0 , 0.21703703703703703 , 0.15712084417205038 , 1 , 0 , 70.76167145687616
0.2 , 0.002345679012345679 , 0.0006100503273356502 , 1 , 1 , 41.74777116100824
0.7 , 0.009567901234567902 , 0.006107000706975044 , 1 , 1 , 25.84998023622123
0.6 , 0.018055555555555554 , 0.0026932471674854415 , 0 , 1 , 31.471003375477373
0.9 , 0.014598765432098766 , 0.005373763048232733 , 0 , 0 , 42.677483214362475
0.9 , 0.2822530864197531 , 0.3080459900063646 , 0 , 0 , 44.72642938492836
0.5 , 0.8542283950617284 , 0.906631602320048 , 1 , 1 , 37.468280348681475
0.8 , 0.021080246913580247 , 0.009837788431145935 , 1 , 1 , 24.054400638422322
1.0 , 0.018827160493827162 , 0.009838836728480961 , 0 , 1 , 17.332901813709366
0.4 , 0.01638888888888889 , 0.003241710389232435 , 0 , 0 , 59.375533500423586
0.5 , 0.030709876543209877 , 0.017485242051026608 , 0 , 0 , 54.2359703633472
0.9 , 0.11722222222222223 , 0.08735682115387751 , 0 , 1 , 21.073413413339516
0.5 , 0.011419753086419753 , 0.004269015255260305 , 1 , 1 , 35.19989778176359
0.0 , 0.3333641975308642 , 0.25834227229483997 , 0 , 1 , 47.272269185327566
0.0 , 0.014969135802469136 , 0.008570884290882276 , 0 , 1 , 49.33548508254189
0.1 , 0.01972222222222222 , 0.004740803288355118 , 0 , 1 , 44.609668734887805
0.8 , 0.21574074074074073 , 0.21557340751919088 , 1 , 0 , 46.83003526843474
0.1 , 0.01015432098765432 , 0.002269855090661992 , 0 , 0 , 66.0670282971205
0.4 , 0.2212037037037037 , 0.20394025422655188 , 1 , 1 , 34.91031044777044
0.2 , 0.01601851851851852 , 0.006070640000913723 , 0 , 1 , 42.98532388868509
0.9 , 0.17935185185185185 , 0.11404464535636397 , 1 , 1 , 22.271471739128252
0.3 , 0.02484567901234568 , 0.014583986015909791 , 0 , 1 , 40.043149968893594
0.4 , 0.018333333333333333 , 0.01730172471285688 , 0 , 0 , 57.94417934585474
0.9 , 0.2878395061728395 , 0.25396062476862646 , 0 , 0 , 42.50869451562064
0.9 , 0.1849074074074074 , 0.1637362356226557 , 1 , 0 , 41.62845497154911
0.3 , 0.290462962962963 , 0.23932876382236815 , 1 , 1 , 41.10656878654149
0.7 , 0.06006172839506173 , 0.04036177580808321 , 1 , 1 , 28.02257891725431
1.0 , 0.13253086419753085 , 0.10014545715725803 , 1 , 1 , 18.539066565720123
0.3 , 0.17429012345679012 , 0.13937709359957065 , 0 , 1 , 38.622733988802395
0.4 , 0.4034259259259259 , 0.444925109776706 , 0 , 0 , 63.27450799734871
0.0 , 0.30246913580246915 , 0.22294323166090915 , 1 , 1 , 48.85821387261732
0.4 , 0.022098765432098766 , 0.009197024527432367 , 0 , 1 , 37.63410329764881
1.0 , 0.24962962962962962 , 0.19312039668940525 , 0 , 1 , 20.775783727361997
0.5 , 0.01845679012345679 , 0.009347346882675436 , 1 , 1 , 32.96516527865674
0.4 , 0.02925925925925926 , 0.011564926466824978 , 1 , 0 , 57.73250244372679
0.8 , 0.38546296296296295 , 0.3436050981164024 , 0 , 0 , 46.106155646859584
0.9 , 0.06283950617283951 , 0.03365250967346235 , 1 , 1 , 21.909244345083025
0.3 , 0.24901234567901234 , 0.3063854832505515 , 0 , 0 , 64.18601619196454
0.7 , 0.22320987654320987 , 0.1618643169454665 , 1 , 0 , 48.015681821277646
0.2 , 0.03006172839506173 , 0.012987714477040977 , 1 , 1 , 42.52040952814149
0.1 , 0.44679012345679014 , 0.334545481840146 , 1 , 0 , 64.91077185407352
0.9 , 0.006851851851851852 , 0.0011644746195905848 , 0 , 0 , 42.522159510644606
0.0 , 0.39253086419753086 , 0.32641377569683466 , 0 , 1 , 49.2449589588657
0.2 , 0.007716049382716049 , 0.002199112415991918 , 0 , 1 , 41.024479572890606
0.6 , 0.788425925925926 , 0.9996783074846369 , 0 , 1 , 30.279966934403852
0.9 , 0.019290123456790122 , 0.010480004024400521 , 1 , 0 , 45.319706456937766
1.0 , 0.06895061728395062 , 0.07137958162217606 , 0 , 1 , 18.122279507296916
1.0 , 0.31645061728395063 , 0.3491655882744195 , 0 , 0 , 46.49343711500878
0.6 , 0.03 , 0.014073495362660605 , 1 , 1 , 31.586930283018123
0.0 , 0.0179320987654321 , 0.008733345319141338 , 0 , 0 , 69.96984937333363
0.8 , 0.3987037037037037 , 0.3046911553010883 , 1 , 0 , 42.26066029917578
0.6 , 0.015308641975308642 , 0.007041708379470822 , 1 , 0 , 52.52824157124668
0.4 , 0.620679012345679 , 0.5349143513782056 , 0 , 0 , 60.31203593701008
0.1 , 0.11376543209876543 , 0.11337240044130971 , 0 , 0 , 66.59403278483457
0.4 , 0.014074074074074074 , 0.009935662269592409 , 0 , 1 , 37.79593246057486
0.5 , 0.015648148148148147 , 0.006805426064800223 , 0 , 0 , 53.516684415228575
1.0 , 0.39064814814814813 , 0.35405585813927276 , 1 , 0 , 39.63198092143526
0.3 , 0.5946913580246913 , 0.5157221345473882 , 1 , 0 , 57.05084988834861
0.5 , 0.615895061728395 , 0.5632915891957329 , 0 , 0 , 56.04013056930642
0.6 , 0.021944444444444444 , 0.009540247725827036 , 0 , 1 , 29.93069973883287
0.6 , 0.020555555555555556 , 0.005625085395473675 , 1 , 0 , 53.76653298106404
0.4 , 0.5763888888888888 , 0.46778489463075507 , 1 , 0 , 55.257103747354954
0.7 , 0.009444444444444445 , 0.0031509715052980623 , 1 , 0 , 49.33601813214323
0.9 , 0.5669753086419753 , 0.5306312694163794 , 0 , 1 , 25.198880355634458
0.1 , 0.007345679012345679 , 0.00438785215889326 , 0 , 1 , 46.825519513785814
0.3 , 0.06280864197530864 , 0.05862715658815944 , 1 , 0 , 61.91734460321896
1.0 , 0.14851851851851852 , 0.12619742370701975 , 0 , 0 , 40.38101662811647
0.7 , 0.019598765432098767 , 0.010554335043220757 , 1 , 0 , 47.940292874149065
0.3 , 0.2915432098765432 , 0.28894661924094905 , 1 , 1 , 42.82267484512657
1.0 , 0.014166666666666666 , 0.0030334191742866206 , 0 , 1 , 15.779478607945943
0.0 , 0.04450617283950617 , 0.03178889860090741 , 0 , 1 , 48.38019590143962
0.6 , 0.012777777777777779 , 0.004573786635535185 , 0 , 0 , 54.14519812285643
0.3 , 0.02148148148148148 , 0.006486645519316292 , 0 , 0 , 60.222235311336306
0.3 , 0.07737654320987654 , 0.03496529592305819 , 0 , 1 , 38.47448837696175
0.2 , 0.017006172839506173 , 0.00914788078031047 , 0 , 1 , 43.53999527860472
0.4 , 0.06685185185185186 , 0.04238828477752866 , 1 , 0 , 59.546132990878064
1.0 , 0.010061728395061729 , 0.004618057807401535 , 1 , 1 , 18.12087936779533
0.3 , 0.0070987654320987656 , 0.0021345931525918543 , 0 , 1 , 40.214149269115325
0.9 , 0.016574074074074074 , 0.0056978805339338075 , 1 , 1 , 21.90620453131451
0.2 , 0.0020987654320987655 , 0.0003952147942843504 , 0 , 0 , 64.26371785630737
0.2 , 0.16151234567901235 , 0.15962060576385476 , 1 , 0 , 65.4758802607184
0.5 , 0.31549382716049384 , 0.30657154492454525 , 0 , 1 , 33.44558529276857
0.0 , 0.4450925925925926 , 0.5656250197836469 , 1 , 0 , 72.78159823530461
0.4 , 0.5855864197530865 , 0.5367430892754328 , 1 , 0 , 61.597157840919806
0.1 , 0.009320987654320987 , 0.002812617973224192 , 0 , 1 , 45.15322111567005
0.7 , 0.009660493827160494 , 0.002428922300957903 , 1 , 1 , 27.113709645845375
0.5 , 0.020339506172839507 , 0.007251892458477489 , 1 , 0 , 56.381438610607525
0.1 , 0.04101851851851852 , 0.025362623137472482 , 0 , 1 , 44.77333841639004
0.6 , 0.196820987654321 , 0.1927792210466531 , 1 , 1 , 32.52356979099299
0.2 , 0.008487654320987654 , 0.0038990116876057245 , 0 , 0 , 63.36866896570344
0.3 , 0.022623456790123456 , 0.006530265475812572 , 0 , 1 , 39.06577089538186
0.8 , 0.055030864197530865 , 0.06049590177299122 , 1 , 1 , 25.14462027890086
1.0 , 0.012098765432098766 , 0.0025796985721980355 , 0 , 1 , 16.37232639876464
0.8 , 0.00712962962962963 , 0.003942365961776076 , 0 , 1 , 24.84449602271749
0.4 , 0.018333333333333333 , 0.008532919914242192 , 1 , 1 , 35.24071906221155
0.6 , 0.02 , 0.007479739053730505 , 0 , 1 , 28.98731337912273
1.0 , 0.5283024691358025 , 0.5165794595749932 , 1 , 0 , 39.59527972984
1.0 , 0.20324074074074075 , 0.14648240029313245 , 1 , 0 , 41.754527800996044
1.0 , 0.13484567901234568 , 0.13393155035613233 , 0 , 0 , 40.46388917033878
1.0 , 0.017993827160493827 , 0.010825091929423268 , 0 , 0 , 39.57775342966158
0.2 , 0.6641358024691358 , 0.8393543029907092 , 1 , 0 , 64.69984831126449
0.2 , 0.019444444444444445 , 0.010858911066527092 , 1 , 0 , 63.263271786490904
0.2 , 0.19154320987654322 , 0.10716753498309453 , 0 , 0 , 63.71423367090095
0.5 , 0.012685185185185185 , 0.00795945987523417 , 1 , 0 , 57.06806375691967
0.9 , 0.01712962962962963 , 0.003595538534510194 , 1 , 0 , 45.682271468098726
0.8 , 0.9152160493827161 , 0.9928222939955414 , 1 , 1 , 31.35620149906128
0.8 , 0.015030864197530865 , 0.0046678620318231535 , 1 , 1 , 23.387621254618633
0.2 , 0.015555555555555555 , 0.00628816501642069 , 0 , 0 , 64.11431148549669
0.2 , 0.018333333333333333 , 0.003923691880140589 , 1 , 1 , 43.649329954428616
1.0 , 0.48910493827160495 , 0.408381057599888 , 0 , 0 , 35.42264589464353
0.3 , 0.19225308641975308 , 0.15226272417749329 , 1 , 0 , 61.90027236542831
0.5 , 0.016728395061728397 , 0.009600277160085904 , 1 , 0 , 56.04385968352316
0.5 , 0.0166358024691358 , 0.012040340872540292 , 1 , 1 , 32.678154628008784
0.3 , 0.03 , 0.008102217196093973 , 0 , 1 , 38.26796683387787
0.1 , 0.019012345679012346 , 0.009723702401331153 , 0 , 0 , 67.3651225889627
0.0 , 0.010246913580246913 , 0.004303628320697561 , 1 , 1 , 47.79400569125289
0.5 , 0.015679012345679012 , 0.003925486254483759 , 0 , 1 , 32.05244993662302
0.6 , 0.4973148148148148 , 0.6303732550905464 , 1 , 1 , 34.727922510418765
0.0 , 0.01867283950617284 , 0.011458139927316325 , 1 , 0 , 69.25517638959475
0.4 , 0.11746913580246914 , 0.10549623949281761 , 0 , 1 , 38.11885966652097
0.2 , 0.016512345679012344 , 0.007263816648122852 , 1 , 0 , 64.891934591954
0.7 , 0.011450617283950618 , 0.0038055194379454592 , 0 , 0 , 49.22476471862679
0.1 , 0.021882716049382717 , 0.010517340738889708 , 1 , 1 , 46.569434253334876
0.4 , 0.0008333333333333334 , 0.00017752323446446451 , 1 , 0 , 59.928681622594624
0.2 , 0.019567901234567902 , 0.006469951624671197 , 1 , 1 , 40.75850289756559
0.7 , 0.3542283950617284 , 0.2886175117203011 , 1 , 0 , 50.32691771525116
0.2 , 0.020277777777777777 , 0.0053995936245954754 , 1 , 0 , 63.07267574606523
0.9 , 0.015 , 0.004393021194646477 , 0 , 0 , 43.46954291335518
1.0 , 0.020277777777777777 , 0.0130910602035131 , 0 , 0 , 41.197277346556845
0.3 , 0.01361111111111111 , 0.0026817817032231315 , 1 , 1 , 40.186534252659705
0.1 , 0.023148148148148147 , 0.004268088860553287 , 0 , 0 , 68.62602840973653
0.2 , 0.017407407407407406 , 0.007341976946085278 , 1 , 1 , 41.981999304229554
0.6 , 0.013024691358024691 , 0.004136607318755529 , 1 , 0 , 53.0852767088514
0.9 , 0.22145061728395063 , 0.14464071033114376 , 1 , 1 , 22.251416929093036
0.8 , 0.015370370370370371 , 0.005085834732118024 , 0 , 0 , 46.38773765813753
0.6 , 0.013179012345679012 , 0.0034030061762588006 , 0 , 0 , 52.14662306123381
0.7 , 0.1379320987654321 , 0.12732706698620644 , 0 , 1 , 25.536089602627293
0.6 , 0.01675925925925926 , 0.008661225234343642 , 1 , 1 , 30.464512768914748
0.0 , 0.1431172839506173 , 0.14731734063441315 , 1 , 0 , 70.82179313197153
0.0 , 0.5360802469135802 , 0.49263065769225606 , 0 , 1 , 50.0826648295584
0.3 , 0.011358024691358024 , 0.003077999326047868 , 1 , 1 , 40.34085699977456
0.0 , 0.12148148148148148 , 0.08868207533005797 , 1 , 1 , 47.72477482216453
0.1 , 0.11898148148148148 , 0.1176908182239698 , 0 , 0 , 66.2733722686943
0.2 , 0.013827160493827161 , 0.008029421231369882 , 1 , 1 , 43.312446525477455
0.8 , 0.008888888888888889 , 0.00417682955583338 , 0 , 0 , 45.78767286560312
0.5 , 0.3358641975308642 , 0.28070715208639396 , 0 , 0 , 56.469409988386076
0.1 , 0.0777469135802469 , 0.05293751189509744 , 1 , 1 , 45.145549805767295
0.3 , 0.2791975308641975 , 0.3516536769739457 , 1 , 1 , 42.2028222603109
0.7 , 0.017314814814814814 , 0.008485840610271432 , 1 , 0 , 48.834860220323
0.2 , 0.06012345679012346 , 0.039913289938865004 , 0 , 0 , 63.523294983178246
0.9 , 0.008765432098765432 , 0.004207525250609751 , 1 , 1 , 20.39017421442145
0.0 , 0.015339506172839506 , 0.004788462713766625 , 1 , 1 , 47.751596048389786
1.0 , 0.4029320987654321 , 0.3274446133141251 , 0 , 0 , 36.68812337036787
0.7 , 0.030524691358024693 , 0.021947799723337106 , 0 , 0 , 50.32941827809506
0.5 , 0.016203703703703703 , 0.007450038463269867 , 0 , 0 , 55.023288475510924
0.3 , 0.017746913580246913 , 0.007927228896970891 , 1 , 1 , 38.82376429251859
0.5 , 0.8440123456790124 , 0.5778202590508968 , 0 , 0 , 49.69208062864791
0.7 , 0.016358024691358025 , 0.010467381640992375 , 0 , 0 , 49.00771062936288
0.7 , 0.007469135802469135 , 0.0026746375869608654 , 1 , 1 , 26.715379649728284
0.4 , 0.37574074074074076 , 0.3294931607886808 , 0 , 0 , 57.8302131055218
0.9 , 0.38537037037037036 , 0.35998148999876517 , 1 , 0 , 46.99955408548633
0.7 , 0.7528086419753086 , 0.6350174893344189 , 0 , 0 , 51.98259090939783
0.6 , 0.2344753086419753 , 0.19505933776747203 , 1 , 0 , 51.61708909852615
0.1 , 0.0166358024691358 , 0.00826476091292382 , 1 , 1 , 45.32019295112878
0.8 , 0.020339506172839507 , 0.005564754508322893 , 0 , 1 , 24.81277292254802
0.8 , 0.014722222222222222 , 0.005917592048175268 , 1 , 1 , 23.627331421859633
0.0 , 0.026728395061728395 , 0.013220040225442263 , 1 , 0 , 71.34351728595489
0.9 , 0.030185185185185186 , 0.014116259781265926 , 0 , 0 , 44.45031994625047
0.6 , 0.10361111111111111 , 0.07579604098631844 , 1 , 0 , 52.14396302444314
0.0 , 0.24145061728395062 , 0.22283525483897554 , 1 , 1 , 47.06078695178213
0.5 , 0.14148148148148149 , 0.13677329007627062 , 1 , 1 , 34.33017514664109
0.2 , 0.04055555555555555 , 0.018606332237218158 , 0 , 1 , 43.55099730819896
0.4 , 0.14796296296296296 , 0.09793959548918173 , 0 , 1 , 37.51340118215254
1.0 , 0.018950617283950616 , 0.009747485294939968 , 1 , 0 , 41.5938779778415
0.4 , 0.01962962962962963 , 0.006045195190914484 , 1 , 0 , 57.587641036707126
0.5 , 0.11391975308641976 , 0.10379096431134553 , 0 , 0 , 56.95735749055621
0.0 , 0.32425925925925925 , 0.3470733469645603 , 1 , 1 , 49.826483933105905
0.8 , 0.014845679012345679 , 0.006210856567444187 , 0 , 1 , 24.867290062755064
0.8 , 0.11820987654320987 , 0.11354258866092452 , 0 , 0 , 45.25940039945038
0.5 , 0.6010493827160494 , 0.6280593911338378 , 1 , 1 , 33.69015327612361
0.4 , 0.01132716049382716 , 0.004652435127075983 , 1 , 0 , 57.62376299807076
0.4 , 0.23836419753086419 , 0.20247515515197395 , 1 , 1 , 35.21678084944069
1.0 , 0.011141975308641975 , 0.005257908755883702 , 1 , 1 , 19.730682391956535
0.0 , 0.030401234567901236 , 0.008315403370003827 , 1 , 0 , 70.73035272633072
0.4 , 0.020185185185185184 , 0.00723758445716555 , 1 , 0 , 58.25753105984587
0.9 , 0.02277777777777778 , 0.011850747584613325 , 1 , 1 , 19.39200335706729
0.7 , 0.1587037037037037 , 0.10617337720308845 , 1 , 1 , 25.03093450075121
0.5 , 0.019969135802469135 , 0.0036654410838115625 , 1 , 1 , 33.11024304577159
0.5 , 0.1765432098765432 , 0.1794852617884114 , 1 , 0 , 53.15236857033276
0.0 , 0.027160493827160494 , 0.015119423858394328 , 0 , 0 , 70.38245901615721
0.4 , 0.021820987654320986 , 0.00959630859148449 , 0 , 1 , 35.29960747376154
0.9 , 0.020987654320987655 , 0.01009074597365145 , 1 , 0 , 42.5482214870967
0.0 , 0.01287037037037037 , 0.002749023872094306 , 1 , 0 , 71.1870650271388
0.6 , 0.010709876543209877 , 0.0023728705540839896 , 1 , 0 , 50.95269164805758
0.3 , 0.01839506172839506 , 0.00767872849014965 , 0 , 1 , 40.69882324739796
0.8 , 0.2959259259259259 , 0.18649558011758657 , 1 , 1 , 22.274253732764848
0.4 , 0.16984567901234568 , 0.11249564753367583 , 1 , 1 , 34.96051150284933
1.0 , 0.030771604938271604 , 0.010762148541547134 , 0 , 0 , 42.51861309007758
0.7 , 0.019135802469135803 , 0.010812979412259524 , 0 , 1 , 26.958157451246066
0.7 , 0.35074074074074074 , 0.41244612439994754 , 1 , 1 , 27.980703870589085
0.9 , 0.3622222222222222 , 0.2939961065376534 , 1 , 1 , 16.90824229950784
0.6 , 0.2871296296296296 , 0.24092092213092842 , 0 , 1 , 32.05515883868973
0.6 , 0.3526543209876543 , 0.2687175438729102 , 0 , 0 , 54.627877154518266
0.8 , 0.020123456790123458 , 0.007596885403134209 , 0 , 1 , 25.43480854399773
0.2 , 0.013024691358024691 , 0.004488651664135195 , 0 , 1 , 41.62985023783762
0.6 , 0.026790123456790122 , 0.0154100722483054 , 0 , 0 , 52.656618345207164
0.3 , 0.21212962962962964 , 0.14984727940669268 , 1 , 1 , 40.953581653786756
0.2 , 0.13092592592592592 , 0.09971984704707838 , 0 , 0 , 65.00153346851226
0.1 , 0.02228395061728395 , 0.0072316824198659264 , 0 , 0 , 68.6846284247483
0.9 , 0.2946604938271605 , 0.33978306853664975 , 1 , 0 , 46.120879357181444
0.6 , 0.6620061728395061 , 0.5665108780449867 , 1 , 0 , 48.599999779284595
0.6 , 0.014814814814814815 , 0.0030840532772024253 , 0 , 0 , 50.970416644669534
0.1 , 0.17657407407407408 , 0.11185154542058807 , 0 , 1 , 42.94095259623956
0.5 , 0.006388888888888889 , 0.0008739750068419582 , 1 , 0 , 55.8729184617928
0.1 , 0.017839506172839505 , 0.010695499219615113 , 1 , 1 , 45.80684816719153
0.6 , 0.009876543209876543 , 0.0027760585651238597 , 1 , 0 , 53.700316597291184
1.0 , 0.009598765432098765 , 0.0029075870091963426 , 0 , 1 , 16.496178255253007
0.3 , 0.5237654320987655 , 0.374878751489902 , 0 , 0 , 62.691605146031236
0.5 , 0.013888888888888888 , 0.008661470554728698 , 1 , 1 , 34.290886198927495
0.2 , 0.015154320987654322 , 0.008422174447197046 , 0 , 0 , 65.03655319704184
0.7 , 0.01638888888888889 , 0.003238046659974319 , 1 , 1 , 27.35685960110113
0.0 , 0.5795679012345679 , 0.5464809922637381 , 1 , 0 , 69.03467809157702
0.9 , 0.209320987654321 , 0.14981726283358962 , 0 , 0 , 45.99798665584369
0.0 , 0.01765432098765432 , 0.007546486045143147 , 1 , 1 , 48.41656040314597
0.9 , 0.5504320987654321 , 0.4849932034105178 , 1 , 0 , 42.90289693606062
0.3 , 0.02074074074074074 , 0.004178224215196723 , 1 , 1 , 39.55891461884733
0.2 , 0.09154320987654321 , 0.07594490331937327 , 0 , 1 , 43.23509256779824
0.4 , 0.3466666666666667 , 0.36143791630129213 , 1 , 1 , 40.801481946686245
0.2 , 0.012777777777777779 , 0.004673821550746486 , 0 , 1 , 40.80612700442835
0.4 , 0.011604938271604939 , 0.0012615859043508466 , 0 , 0 , 57.81161589708121
0.0 , 0.15009259259259258 , 0.1069923317739628 , 1 , 0 , 69.15336586238563
0.8 , 0.023919753086419752 , 0.007988263444346173 , 1 , 0 , 47.34784446985733
0.4 , 0.17469135802469135 , 0.1357972680549897 , 1 , 1 , 38.55617578776139
0.1 , 0.2322530864197531 , 0.17008809107425027 , 0 , 0 , 66.64098606288043
1.0 , 0.20641975308641974 , 0.186138117184344 , 0 , 1 , 17.07630412288265
0.0 , 0.08475308641975308 , 0.0794120738280873 , 0 , 0 , 70.86443833370778
0.6 , 0.36867283950617286 , 0.2634995431353293 , 1 , 1 , 30.537661684708205
1.0 , 0.02 , 0.006186881306944807 , 1 , 1 , 19.46702667137147
0.6 , 0.06188271604938272 , 0.031342636758634405 , 1 , 1 , 29.222520208893688
0.1 , 0.0179320987654321 , 0.003680736114893767 , 1 , 0 , 65.56939861344777
0.4 , 0.08481481481481482 , 0.05954982444968332 , 1 , 0 , 57.84512894552842
0.2 , 0.007654320987654321 , 0.0036059147241365545 , 0 , 1 , 43.755033479684414
0.8 , 0.5762037037037037 , 0.455589992646212 , 0 , 1 , 25.750637519086812
0.8 , 0.35898148148148146 , 0.34057778641104647 , 1 , 1 , 23.00371325632882
0.8 , 0.30021604938271607 , 0.33281028088918907 , 1 , 1 , 24.684966589681988
0.7 , 0.01925925925925926 , 0.0061716532657940274 , 0 , 0 , 51.362848123577805
1.0 , 0.006450617283950617 , 0.0018760961229724567 , 0 , 1 , 17.04833401525355
0.4 , 0.020092592592592592 , 0.01013319632176765 , 1 , 0 , 57.58261169135709
0.9 , 0.6695987654320987 , 0.5472709846411382 , 1 , 0 , 44.01233054505586
0.8 , 0.022962962962962963 , 0.006860555692638379 , 1 , 1 , 23.756457404717676
0.3 , 0.09679012345679013 , 0.07501677115127386 , 0 , 1 , 38.793956312200365
0.8 , 0.017901234567901235 , 0.011290437339168267 , 1 , 0 , 48.60263804392928
0.9 , 0.22564814814814815 , 0.1560436213833398 , 1 , 1 , 21.86431358478576
0.8 , 0.4612962962962963 , 0.4010334037108654 , 0 , 1 , 27.255764332690624
0.9 , 0.4757098765432099 , 0.3960649179366146 , 1 , 1 , 19.73654520826231
0.9 , 0.3156481481481481 , 0.2936025489251894 , 1 , 1 , 18.47134206713889
0.7 , 0.14141975308641974 , 0.15746532125626175 , 1 , 1 , 29.47252040917889
0.0 , 0.02719135802469136 , 0.009949806970541392 , 1 , 1 , 46.79090053932741
0.5 , 0.5134876543209876 , 0.4142160859364737 , 1 , 0 , 51.0778160069346
0.4 , 0.7160493827160493 , 0.4925921477548464 , 0 , 1 , 32.37213645028237
0.1 , 0.007253086419753086 , 0.0018734938518655145 , 0 , 1 , 46.066948460665685
0.1 , 0.25339506172839504 , 0.2262641044712179 , 0 , 0 , 67.18143033058738
0.7 , 0.5242901234567902 , 0.486219748170301 , 1 , 1 , 29.12931705324778
0.5 , 0.01580246913580247 , 0.005441841849306155 , 1 , 0 , 57.10072121511243
0.1 , 0.015462962962962963 , 0.007921461016905341 , 1 , 0 , 68.04123876409403
0.1 , 0.4064814814814815 , 0.4360023090784508 , 0 , 0 , 69.78437403373302
0.2 , 0.011234567901234569 , 0.003111781080984306 , 1 , 0 , 64.78874639130213
0.0 , 0.040185185185185185 , 0.028830402871761984 , 0 , 0 , 69.55203184747359
0.9 , 0.2579320987654321 , 0.22706307625908853 , 1 , 1 , 21.91812240697756
0.7 , 0.018765432098765432 , 0.011927853426685309 , 0 , 1 , 25.34910790793686
0.5 , 0.018827160493827162 , 0.012313307898113177 , 0 , 1 , 32.95671685897554
0.5 , 0.01660493827160494 , 0.006199575304633237 , 1 , 1 , 35.59348632387205
0.8 , 0.7239506172839506 , 0.6345015633890413 , 0 , 0 , 45.518732699764705
0.6 , 0.11200617283950617 , 0.10693885692228397 , 1 , 1 , 30.98722864479554
0.0 , 0.06549382716049383 , 0.06421534299915801 , 1 , 0 , 69.25759111892123
0.0 , 0.013641975308641975 , 0.004792997113104282 , 0 , 0 , 71.67668726284599
0.4 , 0.22234567901234567 , 0.15308841662581082 , 0 , 0 , 59.69030041610218
0.5 , 0.10410493827160494 , 0.07845686368864589 , 1 , 1 , 35.01582449317492
0.0 , 0.8264197530864198 , 0.7756039619213143 , 0 , 1 , 44.59903310585431
0.6 , 0.01978395061728395 , 0.01163280033114846 , 0 , 1 , 29.530975163722722
0.0 , 0.42873456790123454 , 0.34310771998219447 , 1 , 1 , 47.10585396272402
0.0 , 0.5744444444444444 , 0.5481442915126579 , 0 , 0 , 74.69846235567765
0.2 , 0.3650308641975309 , 0.3566389892018209 , 1 , 1 , 41.18582352665594
0.2 , 0.02432098765432099 , 0.013496847064053933 , 1 , 1 , 44.17254814463124
0.6 , 0.010833333333333334 , 0.0015082276730669663 , 1 , 1 , 29.500619528062977
0.1 , 0.013641975308641975 , 0.0031333871724063384 , 1 , 0 , 67.25312733173884